[{"id": 0, "img_name": "01617203_4574281148", "width": 988, "height": 741, "position": [-1.4122896515501502, 0.9888449847650409, 2.4029634937335533], "rotation": [[0.7555130951792706, 0.23125310092215634, 0.6129616352811366], [-0.35189390951091853, 0.9324460409733935, 0.08194545211398926], [-0.552603510178645, -0.2776083283817898, 0.7858517522734861]], "fy": 977.0792236328124, "fx": 977.0792236328125}, {"id": 1, "img_name": "01723814_7963028620", "width": 1007, "height": 675, "position": [-1.7420884457587285, 1.0024963379935885, 2.4303047888699085], "rotation": [[0.7990330379952538, 0.2656526272214453, 0.539420880057881], [-0.34867434802126135, 0.9355856157625331, 0.05572929759283093], [-0.4898697819053787, -0.232611773624178, 0.8401900734639698]], "fy": 808.0043334960938, "fx": 808.0043334960938}, {"id": 2, "img_name": "01869503_423585659", "width": 784, "height": 1066, "position": [-0.8783223890100089, 1.31842622527025, 2.8842152959217353], "rotation": [[0.8677797014586731, 0.30664914443391966, 0.39105586807288956], [-0.30842698012822295, 0.9493525705001578, -0.0600207865137358], [-0.38965521639685635, -0.06852736024893771, 0.9184077597843081]], "fy": 1080.411865234375, "fx": 1080.411865234375}, {"id": 3, "img_name": "03945444_5922954678", "width": 1071, "height": 698, "position": [-0.9621082703015909, 1.4282221188497526, 3.022948651844708], "rotation": [[0.7031589151814717, 0.4720680921664303, 0.5317135096639563], [-0.4990792139708092, 0.8603161924384336, -0.10380745257694701], [-0.5064459281928276, -0.19237402471898948, 0.8405383729671851]], "fy": 800.5195922851562, "fx": 800.5195922851562}, {"id": 4, "img_name": "04808852_3532579721", "width": 1044, "height": 724, "position": [0.8730018481670182, 0.911211023317805, 2.3125969100466106], "rotation": [[0.986217826969969, -0.045733790866159856, -0.15900571731746876], [0.06092770048286184, 0.9938902994468658, 0.09203199432420345], [0.153825268017004, -0.10045144617390978, 0.982978786078859]], "fy": 857.4765014648438, "fx": 857.4765014648439}, {"id": 5, "img_name": "07643413_4366433493", "width": 1070, "height": 785, "position": [0.6398400683238854, 0.9258293989591746, 2.3071863439306313], "rotation": [[0.9918576482074634, -0.007486106833696557, -0.12713128606615443], [0.011143122045416181, 0.9995436002820417, 0.02807885265275014], [0.12686306209232404, -0.029266864192946523, 0.9914883832586597]], "fy": 1109.5552978515625, "fx": 1109.5552978515625}, {"id": 6, "img_name": "10162786_7360656560", "width": 1046, "height": 683, "position": [-1.8294016152388795, 1.013908441592583, 2.44680779121588], "rotation": [[0.7342948252830788, 0.27928938838838235, 0.6187152391012655], [-0.36189866960769546, 0.9321766833559213, 0.008716876948447983], [-0.5743173882955946, -0.23031297953262997, 0.7855669729310983]], "fy": 858.7714233398438, "fx": 858.7714233398438}, {"id": 7, "img_name": "10660637_2917767044", "width": 774, "height": 1041, "position": [0.5012624340762487, 0.9759620723487634, 2.3852162382131685], "rotation": [[0.9994693445814367, 0.027188769482624317, -0.017938786357339524], [-0.02679351297254697, 0.9994006779493689, 0.021917859770778626], [0.0185239548839742, -0.021425585834750818, 0.9995988232121394]], "fy": 1059.7509765624998, "fx": 1059.7509765625}, {"id": 8, "img_name": "10980851_159911107", "width": 776, "height": 1047, "position": [-0.8274698197319859, 1.0231787624025597, 2.4286694924703873], "rotation": [[0.9288524983594341, 0.16943093936153583, 0.32943313901079435], [-0.1881322742079169, 0.9818128353514074, 0.025491248313633464], [-0.31912267812362527, -0.08565461532397269, 0.9438347329807837]], "fy": 1083.794921875, "fx": 1083.794921875}, {"id": 9, "img_name": "12872711_4632849327", "width": 777, "height": 1049, "position": [-1.7452610029053153, 1.2389636046291865, 2.7252066278816915], "rotation": [[0.6461094780748126, 0.39162743352155105, 0.6551110559708304], [-0.41447021882905155, 0.9007718883124252, -0.129709070345392], [-0.640903253265024, -0.18771776298313078, 0.7443151626931416]], "fy": 1075.1549072265625, "fx": 1075.1549072265625}, {"id": 10, "img_name": "12918127_280528939", "width": 1047, "height": 777, "position": [-0.05441369137736672, 1.0026778315191072, 2.416055530744973], "rotation": [[0.9801646792180883, 0.09828813758368031, 0.1720948680920902], [-0.09157819775458434, 0.9947104901462744, -0.0465239130875763], [-0.1757573193620244, 0.029840958484767897, 0.9839811389896586]], "fy": 1223.2340087890627, "fx": 1223.2340087890625}, {"id": 11, "img_name": "17616986_7085723791", "width": 1081, "height": 695, "position": [-0.7025021064448649, 0.9496301900408504, 2.3283445022935436], "rotation": [[0.9385834094839306, 0.13786706418827124, 0.3163129084524174], [-0.17250951910066895, 0.9814086901237612, 0.08412757436904389], [-0.2988338154579836, -0.13352773330537057, 0.9449172954164581]], "fy": 819.5396118164064, "fx": 819.5396118164062}, {"id": 12, "img_name": "18244579_9045725729", "width": 1057, "height": 780, "position": [-1.147230806635131, 0.9862848349465783, 2.3549494725597158], "rotation": [[0.8652266220496053, 0.17895976870220073, 0.4683548800671181], [-0.23126334017933323, 0.9712721630484915, 0.056103946173174074], [-0.4448597082066746, -0.15685594178468096, 0.8817573665930515]], "fy": 1083.3958740234375, "fx": 1083.3958740234375}, {"id": 13, "img_name": "21354369_4541251690", "width": 1027, "height": 682, "position": [0.41651526362718033, 0.6083642310661074, 1.2608504146841055], "rotation": [[0.9992953936586485, 0.036339049092758036, -0.009390938379138174], [-0.03617722425075074, 0.9992031100446891, 0.01686277920544012], [0.009996232196059723, -0.016511159500612094, 0.9998137111251414]], "fy": 1453.7347412109375, "fx": 1453.7347412109375}, {"id": 14, "img_name": "22149990_8353059094", "width": 780, "height": 1056, "position": [0.5073511869043651, 1.1579255484077249, 2.6536184471037316], "rotation": [[0.9974607336382787, -0.016790023454214497, -0.06921112600004338], [0.008940866155030654, 0.9936459303937017, -0.11219548085565952], [0.07065511844293222, 0.11129177923118022, 0.9912729160596357]], "fy": 1159.028076171875, "fx": 1159.028076171875}, {"id": 15, "img_name": "23405080_2639976634", "width": 1087, "height": 699, "position": [1.4293987707022615, 1.0913877737588595, 2.5638320104154557], "rotation": [[0.8989858247028881, -0.18556644061596225, -0.3967235600520731], [0.20481639657635453, 0.97878015288463, 0.00629730201098153], [0.38713657884104136, -0.08691667524855398, 0.9179165326362697]], "fy": 798.4100952148438, "fx": 798.4100952148436}, {"id": 16, "img_name": "24454809_14006921991", "width": 1031, "height": 770, "position": [-0.3980242055005977, 0.9859546084955249, 2.369154227188316], "rotation": [[0.9558533249288979, 0.12179541379836338, 0.26741409536532723], [-0.13258198947107191, 0.9909146505201167, 0.022586975284164958], [-0.2622335548518981, -0.057044128201597946, 0.9633169416902498]], "fy": 907.3018188476562, "fx": 907.3018188476562}, {"id": 17, "img_name": "24540065_12909555815", "width": 1010, "height": 757, "position": [0.4583963875335599, -1.736595396727994, -4.565445165884723], "rotation": [[0.9994710241272883, 0.024588346765103124, -0.021285796515722974], [-0.019034655478590835, 0.9729673660232369, 0.23015687377225127], [0.02636956239229376, -0.22962995853582277, 0.9729207204711364]], "fy": 2705.602294921875, "fx": 2705.602294921875}, {"id": 18, "img_name": "24887636_5651358818", "width": 686, "height": 1040, "position": [-1.683726289472691, 1.07690238867704, 2.541245544947687], "rotation": [[0.8650284893311951, 0.28595983435530786, 0.4122531816503968], [-0.2427598154005827, 0.9576416427742881, -0.15488755938175794], [-0.4390824349391184, 0.03390364523244456, 0.8978068601697625]], "fy": 1660.6771240234375, "fx": 1660.6771240234375}, {"id": 19, "img_name": "25422767_2496685776", "width": 777, "height": 1049, "position": [-0.3264059934275004, 1.0663213071205844, 2.4741345038567375], "rotation": [[0.9533202563551899, 0.16699482188611586, 0.25158143470077327], [-0.16225160759652027, 0.9859531012319125, -0.03963455567454784], [-0.2546662613210078, -0.003035067445455427, 0.9670242415319181]], "fy": 1114.1728515625, "fx": 1114.1728515625}, {"id": 20, "img_name": "25927611_9367586008", "width": 680, "height": 1020, "position": [-1.473550429383239, 0.9782676469350651, 2.3850885388326857], "rotation": [[0.8736881515365732, 0.2688589994762723, 0.4054427854398496], [-0.28970983116599613, 0.957058524249813, -0.010353496343747916], [-0.39081610456885735, -0.10841503383474019, 0.9140617883098692]], "fy": 1335.583984375, "fx": 1335.583984375}, {"id": 21, "img_name": "00318781_8039756060", "width": 1057, "height": 780, "position": [1.1113451669594718, 0.8413809078419173, 2.2069369874869915], "rotation": [[0.9521488951457531, -0.143079961208007, -0.2700751861490366], [0.1415265966819761, 0.9896105201348255, -0.02532273425397287], [0.27089242127519697, -0.014111808501934543, 0.9625061833341465]], "fy": 1187.4183349609375, "fx": 1187.4183349609375}, {"id": 22, "img_name": "00508355_4347298255", "width": 785, "height": 1070, "position": [0.06958714138627319, 0.35961320982134065, 0.9294499938613346], "rotation": [[0.996439880264574, 0.02747587425457292, 0.07970345884758351], [-0.04582086422696888, 0.9700771354515892, 0.2384340572894995], [-0.07076731886835352, -0.2412372848628204, 0.9678825130005186]], "fy": 1071.2359619140625, "fx": 1071.2359619140625}, {"id": 23, "img_name": "01012753_375984446", "width": 1068, "height": 838, "position": [-0.06482408586452292, -0.13597784988780443, -0.3985459078326563], "rotation": [[0.9972831114923162, 0.04364335624526467, 0.05934351681399807], [-0.05385670097552534, 0.981605302337301, 0.1831679179969263], [-0.05025784806612, -0.18586631722543162, 0.9812888773591689]], "fy": 1580.65625, "fx": 1580.65625}, {"id": 24, "img_name": "01109541_5817351237", "width": 660, "height": 993, "position": [-0.015217384827771224, -2.7798999603081724, -6.521345290748608], "rotation": [[0.9989491627678537, 0.03119763082570528, 0.033574961448481364], [-0.03862655259943722, 0.9673808481487939, 0.2503643027054842], [-0.024669001594854127, -0.2513980955890149, 0.9675693452639607]], "fy": 2603.64501953125, "fx": 2603.64501953125}, {"id": 25, "img_name": "01606161_5223112207", "width": 1019, "height": 679, "position": [-0.04982068955649545, -1.8662742778258203, -4.876176324152034], "rotation": [[0.9979830204570134, 0.049758576394626663, 0.039420489021271765], [-0.0590413994364847, 0.9556908344982096, 0.2883906066582221], [-0.023323894016170844, -0.2901363695424894, 0.9567010416199129]], "fy": 1679.2666015625, "fx": 1679.2666015625}, {"id": 26, "img_name": "01930654_7662043242", "width": 698, "height": 1083, "position": [-2.097951248619135, 0.9377812607897743, 2.340873997945885], "rotation": [[0.6501962491935781, 0.24151554196189362, 0.7203576060023628], [-0.4338745026676712, 0.8963565016834555, 0.09109301743096604], [-0.6236968442035629, -0.3717731363084887, 0.6875950709900895]], "fy": 846.5997924804686, "fx": 846.5997924804688}, {"id": 27, "img_name": "02085496_6952371977", "width": 1030, "height": 687, "position": [0.5902788011118755, -1.1744339545806244, -3.2750769838402007], "rotation": [[0.9998188946133251, -0.015525981728912085, 0.01100553794877391], [0.01235431048288123, 0.9693910954907475, 0.24521067471817118], [-0.014475806944035467, -0.24503029991125932, 0.9694073463403902]], "fy": 1159.9666748046875, "fx": 1159.9666748046875}, {"id": 28, "img_name": "02099432_2588386443", "width": 990, "height": 663, "position": [-0.005443259868897595, -2.8661038645165156, -6.668454457309182], "rotation": [[0.9989475081184603, 0.011180061429274924, 0.04448462937190466], [-0.02342286532932383, 0.9581914337978348, 0.2851675745526026], [-0.03943659979869517, -0.2859093954785107, 0.9574448141660334]], "fy": 1978.1171875, "fx": 1978.1171875000002}, {"id": 29, "img_name": "02264861_5734411656", "width": 690, "height": 1064, "position": [0.31483469122252766, 0.9331630360358107, 2.3096967729949482], "rotation": [[0.9994261450517113, 0.03372486281149934, -0.0031645245174033525], [-0.03223594260516268, 0.9756568719057449, 0.21692052071543003], [0.010403104893845674, -0.2166940283705165, 0.9761841391239284]], "fy": 806.5590820312501, "fx": 806.5590820312499}, {"id": 30, "img_name": "02580991_8300101521", "width": 743, "height": 994, "position": [0.6808660482073019, 0.584454220771837, 1.2515798737756016], "rotation": [[0.9964915678875501, -0.007203393765868079, -0.08338264955772275], [0.01595902047586891, 0.9943630614233765, 0.10482085547342715], [0.0821575607869595, -0.10578380402965361, 0.9909893652358499]], "fy": 980.133056640625, "fx": 980.133056640625}, {"id": 31, "img_name": "02814537_6916036366", "width": 695, "height": 1073, "position": [0.6310508381719788, 1.0411207487705678, 2.4808836431430152], "rotation": [[0.9933731551631986, 0.0900050832991761, 0.07147628684689855], [-0.09855704165340656, 0.9870114883336629, 0.12686540678174038], [-0.05912938475614672, -0.13306918079584074, 0.9893413510920704]], "fy": 848.0867309570312, "fx": 848.0867309570312}, {"id": 32, "img_name": "02928139_3448003521", "width": 780, "height": 1063, "position": [0.5783362193017453, -0.16270272603655742, -0.15476400352087927], "rotation": [[0.999295897137443, -0.009879533461318474, -0.03619536963286263], [0.0195693172174502, 0.9603373963594506, 0.27815306393637723], [0.032011744530963525, -0.278665534237979, 0.9598545557739183]], "fy": 1238.80078125, "fx": 1238.80078125}, {"id": 33, "img_name": "02933228_4036000307", "width": 1051, "height": 778, "position": [0.7884960375263185, 0.9437642278465013, 2.3253030845922487], "rotation": [[0.9795604381354984, -0.04867241402969722, -0.19517260092623756], [0.05263028029075388, 0.998499270942686, 0.0151413184181963], [0.19414273521383008, -0.025103825195500792, 0.9806520261154037]], "fy": 1090.5142822265625, "fx": 1090.5142822265625}, {"id": 34, "img_name": "02947737_2285016530", "width": 1026, "height": 682, "position": [-0.00871620170673668, -2.8645107795157716, -6.6661486170013085], "rotation": [[0.9986439615065384, 0.04115921444125215, 0.031877220912532686], [-0.0489780183748517, 0.9503512070208988, 0.30730072735025116], [-0.017646298835735524, -0.3084452988464887, 0.9510783909630688]], "fy": 1876.1304931640625, "fx": 1876.1304931640625}, {"id": 35, "img_name": "02957488_2184292184", "width": 800, "height": 566, "position": [0.3552343906433898, 0.366170522386208, 0.9273471200535023], "rotation": [[0.9937948490913984, -0.006574235333641385, -0.11103412695735874], [0.032746349966002015, 0.9713027619978303, 0.23558145321584742], [0.10629898627601808, -0.23775559712689054, 0.9654909639926862]], "fy": 603.7513427734375, "fx": 603.7513427734375}, {"id": 36, "img_name": "03337951_335877896", "width": 1039, "height": 773, "position": [0.24065940002780584, -0.17216924560275276, -0.19950332546970123], "rotation": [[0.9997468205983112, 0.013902705541471745, -0.017692073993617295], [-0.011094984432045095, 0.9886347857603298, 0.14992718801164676], [0.019575393329922537, -0.14969293625035932, 0.9885387340983278]], "fy": 1167.5361328125, "fx": 1167.5361328125}, {"id": 37, "img_name": "03599123_13889501361", "width": 773, "height": 1038, "position": [0.13442815933084432, -1.5419414765728465, -4.237705508087671], "rotation": [[0.9972779922177664, 0.07016139389617836, 0.022671238268919706], [-0.07366983064466637, 0.9353885843598502, 0.3458626205620687], [0.003059786085170115, -0.3465913661010912, 0.9380112273599353]], "fy": 1571.143310546875, "fx": 1571.143310546875}, {"id": 38, "img_name": "03654060_2228949569", "width": 777, "height": 1049, "position": [-1.989536711313918, 0.8747289469334787, 2.2483240252036456], "rotation": [[0.7885039264238747, 0.25095006405764775, 0.5615030038776243], [-0.3766615706241754, 0.9187639460816719, 0.11831683141195141], [-0.4861970991573913, -0.3047898894810937, 0.8189722242182824]], "fy": 1063.5540771484375, "fx": 1063.5540771484375}, {"id": 39, "img_name": "03836329_3380486130", "width": 1047, "height": 984, "position": [-0.5227653689958388, 0.3290363217293923, 0.8591444720312861], "rotation": [[0.9774852490366595, 0.08179284843176458, 0.19450582988989912], [-0.10471749770808672, 0.9883275056902974, 0.11064803283272777], [-0.18318524391854504, -0.1285249837246204, 0.9746407004476517]], "fy": 1511.6788330078125, "fx": 1511.6788330078123}, {"id": 40, "img_name": "03903474_1471484089", "width": 1080, "height": 695, "position": [0.17363932199272633, 0.9945492368787937, 2.392138799533376], "rotation": [[0.9942170225836472, 0.0746986169791524, 0.07715328007485536], [-0.08214297253751687, 0.9917600153295251, 0.09830871810923565], [-0.06917401295000843, -0.10407780077894757, 0.9921606560015418]], "fy": 793.6901245117189, "fx": 793.6901245117188}, {"id": 41, "img_name": "04073909_6377255611", "width": 1049, "height": 718, "position": [0.040456219954027844, 0.31366482500603327, 0.863201962890888], "rotation": [[0.9951988660281189, 0.05155077880908678, 0.08319696064474541], [-0.06506541321139736, 0.98347923833972, 0.1689232954874919], [-0.07311435604569616, -0.1735255167371675, 0.9821115954824696]], "fy": 1088.8101806640627, "fx": 1088.8101806640627}, {"id": 42, "img_name": "04115165_9295745257", "width": 1036, "height": 1036, "position": [0.40755702432975305, 0.2949798141863938, 0.737669632689511], "rotation": [[0.9994840899696832, 0.02667825478380353, -0.017883641104779826], [-0.02442491283854692, 0.9929303262326256, 0.11615847313218704], [0.02085611493791431, -0.11566173943557174, 0.9930696775656955]], "fy": 1353.94921875, "fx": 1353.94921875}, {"id": 43, "img_name": "04185278_10011921463", "width": 1036, "height": 686, "position": [0.09788069983043653, -2.6887365526682716, -6.3966645464465115], "rotation": [[0.9992026529620076, 0.032968795090585756, 0.022519255404224094], [-0.03781156572720509, 0.9625100196480634, 0.26859774305519], [-0.01281966500899912, -0.26923506574619804, 0.9629891668973736]], "fy": 1512.308837890625, "fx": 1512.3088378906255}, {"id": 44, "img_name": "04387985_3432635013", "width": 634, "height": 843, "position": [-1.0933053137698678, 1.2919292366260233, 2.823373094174664], "rotation": [[0.8165983493409084, 0.35541345234867794, 0.4548059077708838], [-0.35313747355211644, 0.9308969609495328, -0.09340649264452792], [-0.4565753613883823, -0.08433342151554159, 0.8856787303467043]], "fy": 868.2509155273438, "fx": 868.2509155273438}, {"id": 45, "img_name": "04408102_2916920065", "width": 773, "height": 1039, "position": [-1.7691803119492662, 0.13565274363582333, 0.6610833872703618], "rotation": [[0.9024322993176616, 0.13021481451178707, 0.41068241650927717], [-0.22400389865199796, 0.9560695980775031, 0.18908510523208125], [-0.3680192909847851, -0.2626309686872108, 0.8919567118136805]], "fy": 1564.2755126953125, "fx": 1564.2755126953125}, {"id": 46, "img_name": "04477856_4856961901", "width": 687, "height": 1039, "position": [0.1388665966529404, 0.9852368460240153, 2.389765292082795], "rotation": [[0.9952470992115566, 0.04658616606863625, 0.0855157333009981], [-0.06410181781148407, 0.9744708847600584, 0.21516842637388084], [-0.07330872024694805, -0.21962746614659634, 0.9728255792534346]], "fy": 706.6785888671875, "fx": 706.6785888671875}, {"id": 47, "img_name": "04543624_3663972093", "width": 1025, "height": 680, "position": [0.18237952112617337, 0.961747866793422, 2.3499252784461135], "rotation": [[0.9963710509973233, 0.06744339583620436, 0.05192414749007156], [-0.06850345268226274, 0.9974716120987005, 0.018911901750716997], [-0.05051738022798335, -0.02240025480437296, 0.9984719439621728]], "fy": 695.8604125976562, "fx": 695.8604125976562}, {"id": 48, "img_name": "04607533_6219238873", "width": 783, "height": 1064, "position": [1.1656838391606383, 0.8280954858039206, 2.178470731360175], "rotation": [[0.9747491637163885, -0.05438377511339269, -0.21657902215731062], [0.09386755748321451, 0.9798275593466602, 0.17642798983410396], [0.20261527456323805, -0.19230277935896609, 0.9601909661960376]], "fy": 1050.706787109375, "fx": 1050.706787109375}, {"id": 49, "img_name": "04671520_6574800359", "width": 1071, "height": 698, "position": [-0.5710965603224359, 1.2902523237145147, 2.8182399915473355], "rotation": [[0.8078004830784328, 0.3609409461458329, 0.466025764237989], [-0.32459090800494234, 0.9323180504101084, -0.15944840958762138], [-0.4920356917732471, -0.022465223676737603, 0.870285120949667]], "fy": 797.16015625, "fx": 797.16015625}, {"id": 50, "img_name": "04740313_3519133909", "width": 1078, "height": 788, "position": [-0.9422430307818692, 1.4951541445385261, 3.09443455312423], "rotation": [[0.7979628435457701, 0.35711587659577476, 0.48551369805967437], [-0.33998110117503294, 0.931864819099984, -0.1266523184452862], [-0.49766268813741826, -0.0640016375336256, 0.8650061498214063]], "fy": 846.1589965820311, "fx": 846.1589965820312}, {"id": 51, "img_name": "04761794_5627543850", "width": 1025, "height": 682, "position": [0.4455032707848484, -1.8019760299684708, -4.69365179925883], "rotation": [[0.9994374998348916, -0.0026292986856089415, -0.03343307811438668], [0.013546347078958892, 0.943624688034801, 0.33073999548291844], [0.030678663670329717, -0.3310068502609068, 0.9431295163845508]], "fy": 1395.9962158203125, "fx": 1395.9962158203125}, {"id": 52, "img_name": "04822190_12621366523", "width": 1008, "height": 672, "position": [-1.082919469108537, 1.3529896427658357, 2.836840297828496], "rotation": [[0.7659212662016966, 0.32978432331815516, 0.5519120528431829], [-0.3751369507702094, 0.9263838529651585, -0.03294275538349915], [-0.5221464183031607, -0.1818110476814159, 0.8332513791132701]], "fy": 704.1552124023438, "fx": 704.1552124023438}, {"id": 53, "img_name": "04915709_121816865", "width": 813, "height": 592, "position": [0.4266957988113185, 0.7355866238795015, 1.7337095586041325], "rotation": [[0.9993008743267976, 0.026206719963761168, -0.02666402817352951], [-0.024101121787852568, 0.9967830198650612, 0.07643786520603418], [0.028581436252660082, -0.07574179254169888, 0.9967177546147681]], "fy": 936.437744140625, "fx": 936.437744140625}, {"id": 54, "img_name": "05018938_3152967293", "width": 1044, "height": 775, "position": [0.7363471311571279, -1.2150079863259453, -3.384966958634362], "rotation": [[0.9990796461811825, -0.0019262564005020585, -0.04285032231807153], [0.01652707169917891, 0.9391459751656928, 0.343120522894114], [0.03958176963620114, -0.3435129209598375, 0.9383134639586639]], "fy": 1078.514892578125, "fx": 1078.514892578125}, {"id": 55, "img_name": "05309256_5316639921", "width": 1028, "height": 769, "position": [-2.1948557910524573, 0.8440117799850052, 2.2240435200317283], "rotation": [[0.682326267966434, 0.27406264180925827, 0.6777319030468668], [-0.39952772179012863, 0.916171025388223, 0.03175298033698802], [-0.6122160268762875, -0.2924385757789518, 0.7346231794819646]], "fy": 2356.53076171875, "fx": 2356.53076171875}, {"id": 56, "img_name": "05383315_4256744078", "width": 780, "height": 1055, "position": [-1.7206443175556856, 0.9639178687651818, 2.3845963239137316], "rotation": [[0.7330769926588838, 0.3588639550415199, 0.5777670677757295], [-0.42633170244173896, 0.9043285472215579, -0.02076434861186128], [-0.5299428293007985, -0.23109855138469432, 0.8159375326705843]], "fy": 983.218994140625, "fx": 983.218994140625}, {"id": 57, "img_name": "05925733_2718809034", "width": 771, "height": 1034, "position": [-0.31568195138355853, -2.9740414824634858, -6.911114699728197], "rotation": [[0.9970163238717089, 0.043800299823832295, 0.06356086585852914], [-0.06537555448068894, 0.9169535910211848, 0.3936015101466153], [-0.04104250004185919, -0.39658245756550553, 0.9170811673683077]], "fy": 1736.1231689453125, "fx": 1736.1231689453125}, {"id": 58, "img_name": "05989658_2629444759", "width": 780, "height": 1057, "position": [0.08277745158125296, 1.052170166602688, 2.462000527927805], "rotation": [[0.9851659203403448, 0.10354529168843489, 0.1368447367242099], [-0.12724751281702812, 0.9758220296288347, 0.17770604090165817], [-0.11513548489428292, -0.19248308772517775, 0.9745224887389412]], "fy": 1151.794677734375, "fx": 1151.794677734375}, {"id": 59, "img_name": "06083741_6775741943", "width": 1025, "height": 768, "position": [0.3212219645587617, -2.8087928761640977, -6.546572631244017], "rotation": [[0.9994279929468471, 0.027770899527156327, 0.019299327804084297], [-0.03235239850264399, 0.9513326119206813, 0.3064630219248326], [-0.009849326137509714, -0.30691210245871187, 0.9516868981650478]], "fy": 2238.115478515625, "fx": 2238.115478515625}, {"id": 60, "img_name": "06447604_8440508024", "width": 1071, "height": 695, "position": [-0.192439309503232, -0.04231250910754638, -0.04166637384362463], "rotation": [[0.9929382429791187, 0.06594511708573639, 0.09861484250400265], [-0.07262150967864527, 0.9951921800155599, 0.06571636910140292], [-0.093807046438608, -0.07241385480987678, 0.99295340860991]], "fy": 816.1055908203125, "fx": 816.1055908203123}, {"id": 61, "img_name": "06510672_7042157629", "width": 1007, "height": 705, "position": [0.45434111253153625, 0.2911563149686977, 0.843663638142489], "rotation": [[0.9993083746292908, 0.03668976550851136, 0.006052561663920418], [-0.037181522663875484, 0.9882972505237084, 0.14793944362364664], [-0.0005538665550665174, -0.14806216840978945, 0.988977900419231]], "fy": 954.984130859375, "fx": 954.9841308593749}, {"id": 62, "img_name": "06603681_6623209697", "width": 1016, "height": 762, "position": [-0.19128933764483763, -2.821319692969994, -6.602064602279786], "rotation": [[0.9975017079383056, -0.0055807093639395, -0.07042157583552416], [0.026332650818664486, 0.9544019474346783, 0.2973609157803956], [0.0655510042716779, -0.2984724081316202, 0.9521645274967377]], "fy": 1516.8802490234375, "fx": 1516.8802490234373}, {"id": 63, "img_name": "06632036_566711823", "width": 1096, "height": 699, "position": [-0.12024371783680093, 0.3301842767369141, 0.8879562357533258], "rotation": [[0.9843234197719207, 0.090557066734465, 0.15135000149640243], [-0.12616709004444834, 0.9611636148753683, 0.24545136143323995], [-0.1232447592322993, -0.2606989127406644, 0.957521177947312]], "fy": 799.1135864257812, "fx": 799.1135864257811}, {"id": 64, "img_name": "06708261_13898670284", "width": 625, "height": 1027, "position": [0.023110878521160477, -2.7384460405278124, -6.466495768306595], "rotation": [[0.9988632995541088, 0.033530706237662425, 0.033879205171941255], [-0.04377565343893316, 0.9265458334977222, 0.3736261642256947], [-0.018862687238920265, -0.37468454754261615, 0.9269604570114692]], "fy": 1489.27099609375, "fx": 1489.27099609375}, {"id": 65, "img_name": "07251208_9118340426", "width": 674, "height": 1017, "position": [-0.3914860131019764, -2.7187780679756397, -6.450065998129014], "rotation": [[0.9950814092173726, 0.01959161622194069, 0.09710384958270026], [-0.05190501811355547, 0.9380298076092746, 0.34264551526488546], [-0.0843733259069415, -0.34600035926328104, 0.9344329260386115]], "fy": 1653.0574951171875, "fx": 1653.0574951171875}, {"id": 66, "img_name": "07490327_4594139917", "width": 685, "height": 1024, "position": [0.057494854199433246, -1.772243532837701, -4.650479982010377], "rotation": [[0.9989520572383911, 0.025825874146977252, 0.03778639389688435], [-0.036061484592557966, 0.9525204264014865, 0.30233161696539634], [-0.028184333736434353, -0.3033774241971128, 0.9524535588779949]], "fy": 2260.029296875, "fx": 2260.029296875}, {"id": 67, "img_name": "07885041_2904996279", "width": 779, "height": 1052, "position": [-0.4435862979198257, 0.9569802839718033, 2.342566899319761], "rotation": [[0.9567167978915911, 0.1492222807766722, 0.2498513148892122], [-0.17985074838012802, 0.9781282805421904, 0.10449294287503981], [-0.22879396176291045, -0.14490609967626086, 0.9626294953602063]], "fy": 1102.51708984375, "fx": 1102.51708984375}, {"id": 68, "img_name": "07975920_2556372580", "width": 778, "height": 1052, "position": [0.28802129881995214, 1.0135367689498223, 2.419115759891692], "rotation": [[0.9940754517915206, 0.04260734401085293, 0.09999305166772748], [-0.07648374712173718, 0.9278630406564825, 0.364993718041729], [-0.07722844405853418, -0.37047913844108393, 0.9256246406661017]], "fy": 1097.3927001953125, "fx": 1097.3927001953125}, {"id": 69, "img_name": "08047759_7746982324", "width": 1097, "height": 704, "position": [0.47499279798815447, 0.3453769384456573, 0.9077065336270972], "rotation": [[0.9966613460370032, -0.03822632494441773, -0.07214505802168746], [0.05465991054626125, 0.9687867795373903, 0.24179427200131678], [0.0606502720091475, -0.24493044701468994, 0.9676417832185631]], "fy": 799.6693725585936, "fx": 799.6693725585938}, {"id": 70, "img_name": "08081221_11367454663", "width": 686, "height": 1039, "position": [0.4867551622666138, 0.33071155464288465, 0.8883730552186969], "rotation": [[0.9990363821364819, 0.03346114156999996, -0.028401745940729018], [-0.030569191151457797, 0.9948365490222454, 0.0967768840263786], [0.03149335993499154, -0.09581540969145788, 0.9949007867851263]], "fy": 1075.83984375, "fx": 1075.83984375}, {"id": 71, "img_name": "08233939_9136686088", "width": 1044, "height": 688, "position": [0.1451939838825895, 0.31143155896362207, 0.8689496598141581], "rotation": [[0.9957483461996252, 0.03066223703269672, 0.08686229481692188], [-0.04396097060752474, 0.9868423782188995, 0.15559419531110635], [-0.08094852749714153, -0.15875121344864448, 0.9839946077721295]], "fy": 1052.656982421875, "fx": 1052.656982421875}, {"id": 72, "img_name": "08237560_7296316440", "width": 778, "height": 1051, "position": [0.7920820323470582, 0.9013972904253916, 2.262268012731918], "rotation": [[0.9799894598682742, -0.02286124568148451, -0.19773219766385786], [0.08125076628440729, 0.9527980285139632, 0.29253073315141026], [0.1817112311478979, -0.30274292775520917, 0.935589519056792]], "fy": 737.3429565429686, "fx": 737.3429565429688}, {"id": 73, "img_name": "08319155_4244960671", "width": 773, "height": 1038, "position": [0.7739312419096277, 0.9650523899969667, 2.358076758151643], "rotation": [[0.9881395714879866, -0.07572712305999045, -0.13358738747574678], [0.0950706712247905, 0.984862240844059, 0.14494113988956497], [0.1205891982409952, -0.15592231845594048, 0.9803807810615824]], "fy": 1059.501953125, "fx": 1059.501953125}, {"id": 74, "img_name": "08749671_4698877746", "width": 1017, "height": 668, "position": [0.7409508617922063, -1.5063989722791258, -4.137937807481431], "rotation": [[0.9984256737098594, 0.007843564302178958, -0.05553964868498066], [0.004017829368758516, 0.9776301144211218, 0.21029316780178134], [0.055946681082768714, -0.2101852465706911, 0.9760594915269462]], "fy": 2376.650634765625, "fx": 2376.650634765625}, {"id": 75, "img_name": "08769241_6640072705", "width": 1027, "height": 769, "position": [0.6255013533367098, 0.2157742084739056, 0.6985111856565959], "rotation": [[0.9810469840891114, 0.07690815781243329, 0.17785373280186278], [-0.10692191048809747, 0.9803349387691814, 0.16586474274540855], [-0.16159987644560195, -0.18173756653571418, 0.9699778022421146]], "fy": 890.9868774414062, "fx": 890.9868774414062}, {"id": 76, "img_name": "08870111_23776769", "width": 1046, "height": 776, "position": [0.1861584442477688, -0.028076104637811353, 0.017935428422100125], "rotation": [[0.9991241297516174, 0.032536748046015036, 0.026312228614533452], [-0.03789657025122278, 0.9702123248740872, 0.239273681431145], [-0.017743261009957354, -0.24006125195251538, 0.9705955759221877]], "fy": 1270.8251953125002, "fx": 1270.8251953125}, {"id": 77, "img_name": "09199317_7932673946", "width": 1040, "height": 684, "position": [0.4345821451546805, 0.23453097943216147, 0.6966110866466378], "rotation": [[0.9932297530630249, 0.03960972539977122, 0.10920497829365537], [-0.06465616890010292, 0.9695006473540816, 0.23640658747839116], [-0.09651029713727124, -0.24186683202492146, 0.9654979016614714]], "fy": 960.4881591796875, "fx": 960.4881591796874}, {"id": 78, "img_name": "09360208_8329238994", "width": 1042, "height": 774, "position": [0.6051532633281448, 0.9253546972794209, 2.308804275725682], "rotation": [[0.9965047016517312, 0.03830206856244616, -0.07423834002610726], [-0.04045036248722974, 0.9987988174199134, -0.027653037721636072], [0.07308999767851934, 0.03055934986906928, 0.9968570501204943]], "fy": 999.4602661132812, "fx": 999.4602661132814}, {"id": 79, "img_name": "09906423_9611413320", "width": 756, "height": 1009, "position": [0.04847366152771561, -2.8125691030351962, -6.563107126412638], "rotation": [[0.9989642225503185, 0.023777346066807155, 0.038795874503058624], [-0.03431983759756909, 0.9535416889688823, 0.2992998432101963], [-0.02987692774892135, -0.30032130329430656, 0.9533700666456311]], "fy": 2451.001953125, "fx": 2451.001953125}, {"id": 80, "img_name": "10050081_2656905474", "width": 339, "height": 457, "position": [-1.962576295816359, 0.8625245848380771, 2.2467157003953915], "rotation": [[0.830633723884248, 0.1859950148122061, 0.5248366138249064], [-0.31070132645094634, 0.9370003197522795, 0.15967180880089188], [-0.4620739145286274, -0.29569622122903993, 0.836092962691983]], "fy": 469.5916748046875, "fx": 469.5916748046875}, {"id": 81, "img_name": "10080486_2377070130", "width": 518, "height": 337, "position": [-1.525986852690719, 1.0161897311177623, 2.4435303061325753], "rotation": [[0.7527326516264277, 0.27560536431373706, 0.597858878278929], [-0.36381345610913024, 0.9310243882018273, 0.028867935973026834], [-0.5486650383698389, -0.23923894276414343, 0.8010813965732307]], "fy": 393.54400634765625, "fx": 393.5440063476563}, {"id": 82, "img_name": "10111184_4353710583", "width": 790, "height": 1082, "position": [0.599576501461265, -0.12418721708919526, -0.15102550641586607], "rotation": [[0.9995781909017928, -0.012411459071006015, -0.026256350798002308], [0.016415043793700415, 0.9872647176569256, 0.15823692238868284], [0.023958017671541845, -0.15860117576335897, 0.987052015060873]], "fy": 1051.13720703125, "fx": 1051.13720703125}, {"id": 83, "img_name": "10265353_3838484249", "width": 1068, "height": 694, "position": [-1.423164909049259, 0.9806065267583962, 2.404848999047572], "rotation": [[0.7536821421915958, 0.23281779012208645, 0.614621106979052], [-0.37386108895141906, 0.9209887194403202, 0.10957949092662386], [-0.5405470513373895, -0.3123710218095575, 0.7811742635443812]], "fy": 861.1620483398438, "fx": 861.1620483398438}, {"id": 84, "img_name": "10335428_396311022", "width": 1021, "height": 766, "position": [-0.035282887270845505, -2.7375781882801813, -6.4628037479556735], "rotation": [[0.9993637891414394, 0.009093225301166066, 0.03448666708290429], [-0.018530685862367353, 0.9585752181654816, 0.2842361074889494], [-0.030473441458671847, -0.2846943349851232, 0.9581338659044693]], "fy": 2727.9313964843755, "fx": 2727.931396484375}, {"id": 85, "img_name": "10372335_3056167102", "width": 674, "height": 1013, "position": [0.11079279061565103, -1.625104200804286, -4.2965836808586735], "rotation": [[0.999269687449506, 0.028551401358154246, 0.025395063005476136], [-0.03323928235715015, 0.9773205140038848, 0.20914053412852412], [-0.018847860699510735, -0.2098319098413497, 0.9775557926580883]], "fy": 1948.2832031249998, "fx": 1948.283203125}, {"id": 86, "img_name": "10404924_2591342304", "width": 1073, "height": 786, "position": [0.3525776532640489, -0.20038404143469468, -0.23210542443972343], "rotation": [[0.998104342552978, 0.059414936974292926, 0.01604950594966501], [-0.06154250053284858, 0.9656221425492321, 0.25255969283873225], [-0.0004919400897121072, -0.2530686529046442, 0.9674481975340988]], "fy": 1149.0093994140625, "fx": 1149.0093994140625}, {"id": 87, "img_name": "10446545_7626444380", "width": 776, "height": 1047, "position": [1.1850096279760716, 0.24298950856841367, 0.781639300446275], "rotation": [[0.9873398555177335, -0.031879039808766475, -0.15538254897861625], [0.06779649757053588, 0.9704220583380737, 0.2316995114540906], [0.1434002950603287, -0.2393005547669437, 0.9602976621156815]], "fy": 1085.9029541015625, "fx": 1085.9029541015625}, {"id": 88, "img_name": "10474405_6093717701", "width": 767, "height": 1025, "position": [-2.5215405885044166, 0.7999492078159104, 2.1393942135715798], "rotation": [[0.554460520015544, 0.23684448565140703, 0.7977958519324434], [-0.46226886485245744, 0.8848015240170425, 0.05859829080391119], [-0.6920123035987965, -0.4012866216479684, 0.6000733446456754]], "fy": 973.2606201171876, "fx": 973.2606201171874}, {"id": 89, "img_name": "10520732_189478075", "width": 775, "height": 1042, "position": [-2.1782673780080515, 0.8078469330573916, 2.159218620451859], "rotation": [[0.7569802144106916, 0.27838507372632737, 0.5911706231851602], [-0.39120263548726864, 0.9177321884171145, 0.06876138691845367], [-0.5233941659768083, -0.28331851522539325, 0.8036100832816374]], "fy": 1155.9102783203125, "fx": 1155.9102783203125}, {"id": 90, "img_name": "10531349_2406366288", "width": 1069, "height": 785, "position": [0.2911512156459925, 0.3857488614775817, 0.9654349590105681], "rotation": [[0.9991126999544515, 0.022200066299324688, 0.0357906390838678], [-0.030189466551934843, 0.9700403598118791, 0.24106077334429532], [-0.02936679926440238, -0.2419273804106218, 0.9698498511154284]], "fy": 1076.971923828125, "fx": 1076.971923828125}, {"id": 91, "img_name": "10645349_10544831194", "width": 1037, "height": 687, "position": [0.14972691772452454, 0.910008896318791, 2.2870221540275026], "rotation": [[0.9950289932222638, 0.0718041451803697, 0.06900338674300208], [-0.06377876540793351, 0.9916371416687138, -0.11219647207529711], [-0.07648249296491134, 0.10723779183673786, 0.9912872864471998]], "fy": 995.992431640625, "fx": 995.9924316406249}, {"id": 92, "img_name": "11142706_3028963949", "width": 786, "height": 1073, "position": [0.3774040743039168, -0.19086192926290557, -0.22957873172479623], "rotation": [[0.9992476926899715, 0.037108703679527615, 0.011269106663503418], [-0.0387662927319392, 0.9474568293619695, 0.31752595333796757], [0.0011059844438333572, -0.31772393772989255, 0.9481826175330474]], "fy": 1044.85595703125, "fx": 1044.85595703125}, {"id": 93, "img_name": "11173357_5349727279", "width": 1066, "height": 694, "position": [-1.2558799617296694, 1.012866449182976, 2.4429687233723523], "rotation": [[0.821056607612206, 0.24407386537744666, 0.5160368158727129], [-0.2902845179235532, 0.9568954231821636, 0.009276192479607322], [-0.4915291911476128, -0.15741377745528004, 0.8565161743464237]], "fy": 851.0474853515625, "fx": 851.0474853515624}, {"id": 94, "img_name": "11689471_2817029789", "width": 772, "height": 1036, "position": [0.7069120431144238, -0.1649402278391396, -0.17993949765716621], "rotation": [[0.9970887113574199, -0.005804391183850809, -0.07602901240042943], [0.018600833927170872, 0.9854909897667852, 0.16870541800930985], [0.07394667444052927, -0.1696284708752248, 0.9827299075573711]], "fy": 1304.7891845703125, "fx": 1304.7891845703125}, {"id": 95, "img_name": "11710502_3849613070", "width": 377, "height": 507, "position": [0.35909802139949293, 0.29193494761248345, 0.8446726756318467], "rotation": [[0.999727448520701, 0.013734141988478816, -0.018878612717298005], [-0.008602589564512127, 0.9684650470763089, 0.24900089968565897], [0.021703090265535224, -0.24877062916534853, 0.9683192396816261]], "fy": 562.7133178710938, "fx": 562.7133178710936}, {"id": 96, "img_name": "11790029_4941329754", "width": 770, "height": 1032, "position": [-0.08647284866572481, -3.27303356233617, -7.375030138964951], "rotation": [[0.9971970934502303, 0.017588066085388054, 0.07272287635805279], [-0.043982442985465595, 0.9241024633927223, 0.37960529746110333], [-0.060526866129371665, -0.3817398290496794, 0.9222858566592457]], "fy": 1940.7989501953123, "fx": 1940.7989501953127}, {"id": 97, "img_name": "11796461_464225425", "width": 514, "height": 380, "position": [0.5669929226892185, 0.2953095348961247, 0.8510556801241351], "rotation": [[0.9998627257875249, 0.008631989994895938, -0.014142783653472678], [-0.005716753970413275, 0.9808826535927205, 0.19451616540777528]