[{"id": 0, "img_name": "00268200_1154773614", "width": 1056, "height": 689, "position": [-1.1442775296012269, 0.17114154728493103, 0.13947222410756452], "rotation": [[0.9902440855571047, 0.024013296479085487, 0.13725892543430768], [-0.042843427765137096, 0.9897919551402546, 0.1359276507446712], [-0.1325937091890365, -0.14048219507054754, 0.9811644414427451]], "fy": 807.70361328125, "fx": 807.70361328125}, {"id": 1, "img_name": "01463106_364998731", "width": 682, "height": 1025, "position": [-1.5987135641517463, 0.13470280940308146, 0.43384987967731387], "rotation": [[0.985375064198526, 0.007047130825184378, 0.1702536954162334], [-0.00871057241157879, 0.9999213311214913, 0.009025380683826223], [-0.17017669871052693, -0.01037639221300338, 0.9853589303906614]], "fy": 1289.1730957031248, "fx": 1289.173095703125}, {"id": 2, "img_name": "01693870_2401033603", "width": 781, "height": 1058, "position": [-3.781279329214507, 0.8440007587755812, 0.6992151844571203], "rotation": [[0.9137399654521547, 0.1469029494830797, 0.37881235324190116], [-0.11141681740095055, 0.9872034877121613, -0.11408578635915985], [-0.3907244148191131, 0.06203867569602338, 0.9184147398545742]], "fy": 1065.501220703125, "fx": 1065.501220703125}, {"id": 3, "img_name": "02261870_2425588340", "width": 1035, "height": 772, "position": [6.172096746402995, 0.18930220173416787, 2.009084489459212], "rotation": [[0.8027809941744364, -0.16009034980279158, -0.5743811933658026], [0.1822906750774548, 0.9830568550966542, -0.019217945449020418], [0.5677259771862737, -0.08927653413689159, 0.8183623374034235]], "fy": 857.1179809570311, "fx": 857.1179809570312}, {"id": 4, "img_name": "02594994_6837889053", "width": 760, "height": 1063, "position": [-2.0373083935567706, 0.6785838305134054, 1.4207624442753968], "rotation": [[0.9626765466483459, 0.05406936957350939, 0.26519873643578745], [-0.026966643579346455, 0.994128076791086, -0.10479583517354552], [-0.26930775456209854, 0.09373297290484113, 0.9584818533092531]], "fy": 905.1525268554689, "fx": 905.1525268554688}, {"id": 5, "img_name": "04035378_37834435", "width": 1049, "height": 777, "position": [-6.520343639431982, 0.7482738951062281, 2.1076254108760897], "rotation": [[0.6153161994082376, 0.07420012626649279, 0.7847804253470131], [-0.24839000708947656, 0.9630939953755884, 0.10369358924049256], [-0.7481232379253382, -0.25873596065008575, 0.6110379067967758]], "fy": 1059.206787109375, "fx": 1059.206787109375}, {"id": 6, "img_name": "04042870_4370222468", "width": 773, "height": 1039, "position": [0.2732985148315233, 0.752301841821977, 0.7832539420751808], "rotation": [[0.9987892524408121, -0.020606856931572694, -0.04466975101928789], [0.009544088718147199, 0.971953969667619, -0.23497742703906102], [0.048259088048404036, 0.23426659662606367, 0.9709738524419582]], "fy": 1394.778564453125, "fx": 1394.778564453125}, {"id": 7, "img_name": "04835147_6885569921", "width": 1058, "height": 781, "position": [-4.321219503012646, 0.921400047492724, 1.2031255964567045], "rotation": [[0.8682163549343842, 0.05419653884816201, 0.4932170883103416], [-0.10793396116883361, 0.9908429772429272, 0.0811200004609012], [-0.48430426495216444, -0.12366458516993277, 0.86611572513371]], "fy": 1043.1094970703127, "fx": 1043.1094970703125}, {"id": 8, "img_name": "05246911_9305685489", "width": 1008, "height": 670, "position": [-3.0877069231388066, 0.17245037726398801, 0.3644934547778209], "rotation": [[0.9965938377813801, 0.025759367050829103, 0.0783401398091738], [-0.03315671536974999, 0.9949590625285568, 0.094641936361133], [-0.075507315685764, -0.09691707229088188, 0.9924241665621079]], "fy": 1863.84228515625, "fx": 1863.84228515625}, {"id": 9, "img_name": "06615712_9373573280", "width": 1006, "height": 754, "position": [-0.7741695291092954, -0.4308666069179429, -0.6195961241996023], "rotation": [[0.9919181343459554, 0.012136732088645692, 0.12629772163363653], [-0.009214785273007174, 0.9996767890910095, -0.02369398837388291], [-0.1265444684212292, 0.022338690357712698, 0.9917093729642223]], "fy": 836.920654296875, "fx": 836.9206542968749}, {"id": 10, "img_name": "06835120_5360975202", "width": 750, "height": 1001, "position": [-0.39217980321654605, -0.3475135872062481, -0.8832641659380445], "rotation": [[0.9227798482532157, -0.08450511819087148, -0.37594711949597287], [0.11351799959715686, 0.9919756355348125, 0.05565970061691876], [0.36822685321039855, -0.09403841504859582, 0.9249679784024504]], "fy": 1429.7109375, "fx": 1429.7109375000002}, {"id": 11, "img_name": "07980881_7114135207", "width": 1070, "height": 690, "position": [-4.045331854692951, -0.215814791084503, -0.29516391346899473], "rotation": [[0.9561904674894811, 0.09606208555886848, 0.2765354689733819], [-0.09125417578815816, 0.9953685615439481, -0.030234121306157383], [-0.27815906471562546, 0.0036745622885105632, 0.9605279966292062]], "fy": 706.2034912109375, "fx": 706.2034912109376}, {"id": 12, "img_name": "08920087_7701745678", "width": 826, "height": 1033, "position": [-1.0878491245888289, -0.30048542457955935, -0.21721380539872265], "rotation": [[0.9931707983372453, 0.018927810795573832, 0.11512386072680933], [-0.021613070761912167, 0.9995216424608542, 0.02212151497065258], [-0.11465007851021912, -0.024458622832105405, 0.993104795712294]], "fy": 933.1589965820312, "fx": 933.1589965820312}, {"id": 13, "img_name": "09083714_5149263969", "width": 1050, "height": 778, "position": [-0.023032084980884302, 0.9332575871320217, 1.2521108393647784], "rotation": [[0.999832988995347, -0.003685737568342594, 0.017899984782327735], [0.003859127075228667, 0.9999458777798377, -0.009661710476258828], [-0.017863405466133644, 0.009729175180205184, 0.9997930995438333]], "fy": 1326.6568603515625, "fx": 1326.6568603515623}, {"id": 14, "img_name": "09137542_8645191612", "width": 1006, "height": 1005, "position": [6.046012197632415, 0.10132696441367486, 1.6854201103183237], "rotation": [[0.6778689908264037, 0.009034674636334459, -0.7351272039111385], [0.2008187703951625, 0.9596219433014227, 0.19697093032063395], [0.7072237642592111, -0.2811478269320547, 0.6486836260292186]], "fy": 2236.652587890625, "fx": 2236.652587890625}, {"id": 15, "img_name": "10163152_154519424", "width": 811, "height": 1051, "position": [-5.167686524797964, 1.2379209198538232, 1.320268250216013], "rotation": [[0.8589131804192462, 0.24561245431469508, 0.4493803186473645], [-0.1668518708100476, 0.9638197464087067, -0.2078748412863944], [-0.48417827471839575, 0.10356649418691499, 0.868818381235428]], "fy": 1030.54736328125, "fx": 1030.54736328125}, {"id": 16, "img_name": "11417920_1874616579", "width": 1018, "height": 677, "position": [3.6918958246464983, -0.5649985035712036, -0.5764481457902408], "rotation": [[0.9310195232077854, -0.030421355519421423, -0.3636993106046652], [0.10468786051904712, 0.9769045469135456, 0.18627387921977848], [0.3496328063352928, -0.21149952091671761, 0.9127019521103844]], "fy": 1863.512939453125, "fx": 1863.5129394531252}, {"id": 17, "img_name": "11526474_5757601341", "width": 1021, "height": 681, "position": [-0.9138792113391403, -0.09228400482370004, -0.09586559711403712], "rotation": [[0.9942631930643869, -0.0024224231907936616, 0.10693378691178142], [-0.01651259722586693, 0.9842819664656951, 0.1758304428228526], [-0.10567893380549342, -0.17658749207208546, 0.9785953303554157]], "fy": 832.0055541992188, "fx": 832.0055541992188}, {"id": 18, "img_name": "11631235_8847251247", "width": 1055, "height": 687, "position": [0.8689074635463123, 0.19302227291337043, 0.17838417016318542], "rotation": [[0.9985094899118437, 0.00703421514926611, -0.05412317778201439], [0.000858012716687537, 0.9895141659330003, 0.1444333037498512], [0.05457162605390922, -0.1442644628283508, 0.9880332496402535]], "fy": 820.5064697265625, "fx": 820.5064697265625}, {"id": 19, "img_name": "00234320_6263685886", "width": 817, "height": 534, "position": [-0.5284974991364985, 1.1406398201503822, 1.1307910050351686], "rotation": [[0.9995882514368627, -0.015501550929355774, 0.02414600397954089], [0.019002058057570527, 0.9881593096490501, -0.15225012493751658], [-0.021499985557486646, 0.1526462599368136, 0.9880469978438933]], "fy": 470.56671142578125, "fx": 470.56671142578125}, {"id": 20, "img_name": "00325388_2471426448", "width": 1044, "height": 775, "position": [-4.143238914346787, 0.5474922086216598, 0.9271899381791067], "rotation": [[0.8342845953003071, 0.07050723097496114, 0.5468070449663629], [-0.1736017279786648, 0.9749344136972367, 0.13915936559084727], [-0.5232892642577566, -0.21102516288127562, 0.8256129399079855]], "fy": 1116.427490234375, "fx": 1116.427490234375}, {"id": 21, "img_name": "00358444_4165248133", "width": 782, "height": 1061, "position": [-2.9007182395589455, -0.2600186446734578, -0.42434372660725544], "rotation": [[0.9531273398694763, 0.08263659017732207, 0.29106608864174005], [-0.06732634785429283, 0.9957873851763672, -0.06224665780759495], [-0.2949837908732253, 0.0397325746394363, 0.9546758013245035]], "fy": 1048.5791015625, "fx": 1048.5791015625002}, {"id": 22, "img_name": "00446387_2504417907", "width": 1052, "height": 779, "position": [-1.7207616464844495, -0.24039572081027316, -0.38668608140854593], "rotation": [[0.9776831792182668, 0.03390227311271537, 0.20733122522054745], [-0.08042871067677808, 0.9721084250982102, 0.22030985532188244], [-0.19407942593828348, -0.23206862289173974, 0.9531407717103482]], "fy": 1047.6475830078125, "fx": 1047.6475830078125}, {"id": 23, "img_name": "00535690_7218651846", "width": 697, "height": 1066, "position": [-0.32842308497792355, 1.033751346966056, 1.4538435055110417], "rotation": [[0.9988710378423632, 0.012287470483101972, 0.04588755636168903], [-0.005490773364597659, 0.9893574745401146, -0.14540164710024905], [-0.047185815321756544, 0.14498553597077762, 0.9883079951066305]], "fy": 761.81787109375, "fx": 761.81787109375}, {"id": 24, "img_name": "00644051_242819650", "width": 784, "height": 1066, "position": [-4.208912510196095, 0.4956459940310204, 0.6939327930734476], "rotation": [[0.8807040646679551, 0.16870309233725234, 0.4426054869894756], [-0.15536017512699257, 0.9856145150112058, -0.06653753665214764], [-0.44746348059015106, -0.010163386988313252, 0.894244451536085]], "fy": 1079.6773681640625, "fx": 1079.6773681640625}, {"id": 25, "img_name": "00657038_9404825385", "width": 753, "height": 1004, "position": [0.7304130015420627, 0.24410307650842672, -1.5167859753898405], "rotation": [[0.9980880744355222, 0.007297145411070657, -0.06137546202222368], [-0.0018480893059943009, 0.9960856051484989, 0.08837449735000236], [0.06178009578746863, -0.08809210455425726, 0.9941946493920056]], "fy": 1388.4185791015625, "fx": 1388.4185791015625}, {"id": 26, "img_name": "00657258_3467146847", "width": 698, "height": 1072, "position": [-6.866965915331447, 0.6273344905460492, 1.9558414815814884], "rotation": [[0.7583829568175567, 0.1379824569689623, 0.6370369945124603], [-0.15805347573278744, 0.9870974683454719, -0.025645404944073098], [-0.632356220509805, -0.08123687312279318, 0.7704065036250579]], "fy": 806.0086669921875, "fx": 806.0086669921875}, {"id": 27, "img_name": "00774559_2816002409", "width": 1070, "height": 695, "position": [0.7814225097265526, -0.40363317274352273, -0.710232108620988], "rotation": [[0.9990510442247647, -0.003158753331261754, -0.04343999667126396], [0.0030013339610202535, 0.9999886931318691, -0.0036885773505558493], [0.04345115680694368, 0.003554699116500566, 0.9990492285599991]], "fy": 696.803955078125, "fx": 696.8039550781251}, {"id": 28, "img_name": "00805873_8528850093", "width": 488, "height": 488, "position": [5.9441741132635935, 0.07405579816500546, 1.2588990320795246], "rotation": [[0.7825060896170415, -0.038386697880658495, -0.6214585111960939], [0.20076735486190922, 0.9603434455029711, 0.1934759310643938], [0.5893867057662556, -0.276164675701475, 0.7591813900252695]], "fy": 647.88818359375, "fx": 647.88818359375}, {"id": 29, "img_name": "00851798_4967549624", "width": 779, "height": 1054, "position": [0.8181030032408327, -0.447824824866134, -0.6620023323167191], "rotation": [[0.9968416156899153, 0.005727567655981411, -0.07920851089034132], [-0.00676974901680201, 0.9998939368933981, -0.012895172045030037], [0.07912625181928355, 0.013390665874689407, 0.9967746617668728]], "fy": 1054.873046875, "fx": 1054.873046875}, {"id": 30, "img_name": "00930989_8201388916", "width": 1061, "height": 690, "position": [3.1896810633480026, -0.5982644671076403, -0.984028619754478], "rotation": [[0.9743739116085542, -0.04275311675107297, -0.2208339905556083], [0.0677191090380368, 0.9919772994153465, 0.1067481134059553], [0.21449849101506485, -0.11896725790193423, 0.9694520044332028]], "fy": 810.9468994140625, "fx": 810.9468994140625}, {"id": 31, "img_name": "01003007_4292626471", "width": 1058, "height": 695, "position": [-6.087605705193889, -0.7505836926258971, -1.612057690034026], "rotation": [[0.9190771663214561, 0.08696475358001524, 0.3843621911443552], [-0.10672568124641509, 0.9938255105300334, 0.03033947234556503], [-0.3793504861062014, -0.06890563296629622, 0.9226837066061712]], "fy": 782.2277221679688, "fx": 782.2277221679689}, {"id": 32, "img_name": "01005006_6303451772", "width": 886, "height": 656, "position": [7.23949641654061, -1.7868308454672954, -4.330714450429453], "rotation": [[0.8943528337399007, -0.10752718592527315, -0.4342475251148833], [0.1322767237303866, 0.9908428380826637, 0.02708022487808136], [0.4273591898398401, -0.0816601157682514, 0.900386443896259]], "fy": 1070.564208984375, "fx": 1070.564208984375}, {"id": 33, "img_name": "01081603_5459971228", "width": 1034, "height": 771, "position": [4.880827910848884, -0.48970433820158155, -0.5663950104358478], "rotation": [[0.873708567105723, -0.00967832500541243, -0.48635344122474716], [0.14167384219238835, 0.9615232010859607, 0.23537556417745084], [0.46536207645715, -0.2745532075909817, 0.8414622237492262]], "fy": 1934.15380859375, "fx": 1934.15380859375}, {"id": 34, "img_name": "01130493_4297844813", "width": 1061, "height": 768, "position": [-3.2955162479550255, 0.2744611114241366, 0.48248284914343414], "rotation": [[0.9263623960527306, 0.028802603967787294, 0.3755304530715436], [-0.0768181448214398, 0.990561403717354, 0.1135212671339507], [-0.36871626463398155, -0.1340093857540594, 0.9198313979877962]], "fy": 1059.8995361328125, "fx": 1059.8995361328125}, {"id": 35, "img_name": "01200302_9705898866", "width": 1033, "height": 771, "position": [0.9062569408220644, -0.38413024525182204, -0.6517028667306356], "rotation": [[0.9959565647394614, -0.014265978750330841, -0.08869612732620362], [0.016018444651152576, 0.9996896761014976, 0.01907776001108586], [0.08839643987926764, -0.020421394329911323, 0.9958760144065593]], "fy": 727.4071044921875, "fx": 727.4071044921875}, {"id": 36, "img_name": "01241225_4293371290", "width": 1052, "height": 693, "position": [-4.261527581497606, -0.15907361197152267, -0.19528096431585773], "rotation": [[0.9002899324740173, 0.06965899717588162, 0.4296808834453539], [-0.12038563593110424, 0.9884557645497096, 0.09199184849709602], [-0.4183124862437086, -0.1345467414726182, 0.8982827161933526]], "fy": 791.449951171875, "fx": 791.449951171875}, {"id": 37, "img_name": "01252909_11101157245", "width": 1012, "height": 1012, "position": [-2.1429071237773463, -0.5347352912766354, -0.9998572694705219], "rotation": [[0.979028503332906, 0.04992441367711424, 0.19751137329461926], [-0.07058690425627247, 0.9925812631145047, 0.09899457086896338], [-0.1911038424764031, -0.1108602229521967, 0.975289358271556]], "fy": 1305.3822021484375, "fx": 1305.3822021484375}, {"id": 38, "img_name": "01256172_4641049993", "width": 1061, "height": 692, "position": [-0.7026395902520136, -0.10931289545252947, -0.24735191805464762], "rotation": [[0.9994366101345316, 0.013593721192807443, 0.03068669201671114], [-0.01607647281329477, 0.9964889301979004, 0.08216665391098439], [-0.02946199831443311, -0.08261369582082809, 0.9961460575227631]], "fy": 854.8295288085938, "fx": 854.829528808594}, {"id": 39, "img_name": "01332066_284463202", "width": 1053, "height": 779, "position": [-2.300898413357676, -0.1365745222879779, -0.1879126167333893], "rotation": [[0.983250923911666, 0.03224732769490707, 0.1793815221347845], [-0.018578204606316522, 0.9968296400753257, -0.07736613587935136], [-0.18130766928197145, 0.07273773796203518, 0.9807327620385206]], "fy": 843.282470703125, "fx": 843.282470703125}, {"id": 40, "img_name": "01565986_1446948596", "width": 1049, "height": 731, "position": [2.844476599327569, -0.6077035876569743, -0.9497228898765129], "rotation": [[0.9596671120240748, -0.04515497689574049, -0.27748885051640737], [0.09128014211313695, 0.983589529528916, 0.15562638933320802], [0.2659078219142443, -0.1746787493160827, 0.9480402759282918]], "fy": 1232.192138671875, "fx": 1232.192138671875}, {"id": 41, "img_name": "01738299_4136066675", "width": 1038, "height": 686, "position": [-4.014477606540836, 0.4745861995155604, 0.6187738032349632], "rotation": [[0.9037023272064441, 0.046249233107955805, 0.4256560962074706], [-0.09056526333315644, 0.9923026176632974, 0.08445974222056109], [-0.4184734601848168, -0.11487612204237034, 0.9009347588507466]], "fy": 1510.5206298828125, "fx": 1510.5206298828125}, {"id": 42, "img_name": "01749788_3882056092", "width": 682, "height": 1024, "position": [-4.217782141267129, 1.0143675622115955, 0.9796016068888364], "rotation": [[0.8655471920488502, 0.021671728243403444, 0.5003582661766414], [-0.18650274819487472, 0.9411547317890862, 0.28185899976188905], [-0.4648061781561319, -0.33728045752156693, 0.8186556722590594]], "fy": 984.3931884765626, "fx": 984.3931884765625}, {"id": 43, "img_name": "01763245_4725563330", "width": 1060, "height": 781, "position": [-5.1196933296061875, 0.5173091704419291, 1.2817739471590093], "rotation": [[0.7715730965450266, 0.08680553551261738, 0.6301902535681477], [-0.14719274855464887, 0.9881239458760751, 0.04410626213162298], [-0.6188774123046071, -0.12679064078496982, 0.7751869980517538]], "fy": 977.0370483398436, "fx": 977.0370483398439}, {"id": 44, "img_name": "01886041_3023230014", "width": 774, "height": 1041, "position": [-4.387395327578074, -0.2433374765187619, -0.05161467887743255], "rotation": [[0.8349464982943636, 0.10817810399506256, 0.5395941463748598], [-0.21080792209686858, 0.9685720424410574, 0.13201597851305277], [-0.508354566190942, -0.2239769997512951, 0.831510636501559]], "fy": 1504.605224609375, "fx": 1504.605224609375}, {"id": 45, "img_name": "01942148_12586785904", "width": 1052, "height": 778, "position": [0.16506527523418885, -0.4085178791278876, -0.7580878945340973], "rotation": [[0.9999286564594623, -0.010077968225293747, -0.006412218619542529], [0.011327617594407344, 0.9703820788688512, 0.2413095648535335], [0.0037903919071398625, -0.2413649841352651, 0.970427007745855]], "fy": 1102.305908203125, "fx": 1102.305908203125}, {"id": 46, "img_name": "01968831_6968685600", "width": 690, "height": 1041, "position": [-5.226703428126023, 0.03270729731641667, 0.09287375630856863], "rotation": [[0.7495111631985168, 0.10426533363856023, 0.6537291154920714], [-0.25272457701398987, 0.9577909731712438, 0.13699175115597823], [-0.6118523550775187, -0.2678902609519825, 0.7442254387436461]], "fy": 1574.7073974609375, "fx": 1574.7073974609375}, {"id": 47, "img_name": "01981403_3710523135", "width": 1052, "height": 779, "position": [4.377685946431817, 1.2374280965256383, 2.0763321913666895], "rotation": [[0.8524861322117481, -0.08370285468543147, -0.5160050644171658], [0.17090902085596638, 0.9774786124110695, 0.12379688553830744], [0.49402176164285383, -0.1937250484486699, 0.8475925345511555]], "fy": 1120.920654296875, "fx": 1120.920654296875}, {"id": 48, "img_name": "02189076_3698189888", "width": 1051, "height": 778, "position": [2.840900159335456, -0.6094463289538588, -0.889603331673448], "rotation": [[0.9481084692613838, -0.027140825129880086, -0.3167865308470435], [0.08539935000279641, 0.9814752761726865, 0.17150286668405515], [0.30626341853694405, -0.18965668422973705, 0.932862830534611]], "fy": 1064.7611083984375, "fx": 1064.7611083984375}, {"id": 49, "img_name": "02290081_6100175330", "width": 1071, "height": 691, "position": [-1.9689465111619469, 0.13616720084806114, 0.18181517131786468], "rotation": [[0.9601770961002849, 0.05596595166573151, 0.2737293487709589], [-0.06483321164869683, 0.9976205772401975, 0.02344863608508251], [-0.2717657056947023, -0.04026159610701441, 0.9615208812538478]], "fy": 797.3050537109375, "fx": 797.3050537109374}, {"id": 50, "img_name": "02291562_2202820014", "width": 777, "height": 1049, "position": [1.3786730282935868, -0.2833387324297204, -0.5429847325342216], "rotation": [[0.9914916656711271, -0.0013240860541780316, -0.13016344994204398], [0.025639182310577196, 0.9823459613088559, 0.18530797238819668], [0.1276201756586271, -0.1870685946285501, 0.9740217819271603]], "fy": 1062.6248779296875, "fx": 1062.6248779296877}, {"id": 51, "img_name": "02305018_4000998904", "width": 1028, "height": 686, "position": [-2.4758641271841157, -0.1889458166383379, -0.4035484069533382], "rotation": [[0.9370665293363352, 0.050161252800606355, 0.34552882414500374], [-0.10559594478585602, 0.9839970392209609, 0.14352464335146445], [-0.3327999640059141, -0.1709785820559297, 0.9273675153011377]], "fy": 1348.8070068359375, "fx": 1348.8070068359375}, {"id": 52, "img_name": "02421523_7218653934", "width": 1058, "height": 695, "position": [-0.7345827885841295, 0.41016968469301834, 0.4049966639937394], "rotation": [[0.9975718510590434, 0.03008439986518717, 0.06281186877800495], [-0.015204077295125162, 0.974208342303105, -0.22513760641136804], [-0.0679649763351511, 0.2236359422628387, 0.9723002248893983]], "fy": 762.8121948242188, "fx": 762.8121948242189}, {"id": 53, "img_name": "02581730_8151291160", "width": 694, "height": 1070, "position": [-1.0422986607147111, -0.008456572407698414, 0.040358343432168535], "rotation": [[0.9901248969090161, 0.045055721806121045, 0.13275040660367024], [-0.04711746483016434, 0.99881202439056, 0.01242917699647464], [-0.13203269681744964, -0.018561300206636815, 0.9910715640687865]], "fy": 856.864013671875, "fx": 856.8640136718749}, {"id": 54, "img_name": "02629076_19212485", "width": 480, "height": 319, "position": [2.764408938382726, -0.6400554685064703, -1.1973730288399198], "rotation": [[0.9582895238177366, -0.027612296905152427, -0.28446221120000736], [0.08635772241996996, 0.9767726218576331, 0.19610606560685676], [0.27243996094481304, -0.21249189690194561, 0.9384155057496661]], "fy": 746.4959106445312, "fx": 746.4959106445312}, {"id": 55, "img_name": "02769025_128106334", "width": 1043, "height": 775, "position": [-1.602992367490719, 0.051777183091849005, 0.12032022992859606], "rotation": [[0.9876917285779657, 0.008507437164775835, 0.15618153799843745], [-0.0326695881570356, 0.9877169901365588, 0.15280001768725823], [-0.1529632220774643, -0.1560217001204132, 0.9758378358022486]], "fy": 1055.6126708984375, "fx": 1055.6126708984375}, {"id": 56, "img_name": "02792743_495850714", "width": 1056, "height": 780, "position": [5.025343537248835, -2.343862618020521, -5.569892211043022], "rotation": [[0.9625890421750398, -0.054491532819671666, -0.26542985652616785], [0.08322656609377113, 0.9916767924566395, 0.09823684644343118], [0.25786755240002285, -0.1166525274217142, 0.9591123569558198]], "fy": 1215.2078857421875, "fx": 1215.2078857421877}, {"id": 57, "img_name": "02819679_3786023045", "width": 693, "height": 1054, "position": [0.8613070479985473, 0.945702373284379, 1.1531372394448254], "rotation": [[0.9915810982128659, -0.051952903525941445, -0.11860784747305349], [0.06690857609299838, 0.9897949355364813, 0.12581426004845464], [0.11086103062922671, -0.13269092433756324, 0.9849380439836146]], "fy": 812.4891357421877, "fx": 812.4891357421874}, {"id": 58, "img_name": "02904481_13883419663", "width": 1032, "height": 770, "position": [5.225743297186012, 1.411797053118985, 2.740775055701368], "rotation": [[0.6573951033418888, -0.21714293581864977, -0.7215820282727153], [0.2563478128989685, 0.9649129394824546, -0.0568226894932343], [0.7086024815960099, -0.1476210169433433, 0.6899931582505656]], "fy": 758.1897583007812, "fx": 758.1897583007814}, {"id": 59, "img_name": "02954006_9347382712", "width": 1053, "height": 685, "position": [-0.7196148777960629, 1.2251058428871198, 1.3059718813172634], "rotation": [[0.9976871997118998, 0.00483193026123801, 0.0678004718344822], [-0.010665411013406949, 0.9962429780422243, 0.08594287468705841], [-0.0671304739961143, -0.0864672258807397, 0.9939904015178146]], "fy": 802.4427490234375, "fx": 802.4427490234376}, {"id": 60, "img_name": "03063741_284462939", "width": 1053, "height": 779, "position": [-2.275506290183104, -0.13866401397811798, -0.20638068109415994], "rotation": [[0.9765400528048529, 0.07239563912830137, 0.2028013725375147], [-0.06121116747701348, 0.9962653656096984, -0.06089757189474117], [-0.20645270219591721, 0.04705520929481585, 0.9773244543314288]], "fy": 844.2366333007812, "fx": 844.2366333007812}, {"id": 61, "img_name": "03079088_3051939612", "width": 1063, "height": 782, "position": [-0.9620497800902393, -0.3788954435596602, -0.6570640235878633], "rotation": [[0.9481013278024013, 0.06442104492105043, 0.31137405349611846], [-0.10124900423854793, 0.9894541300580298, 0.10358167623575962], [-0.3014175034068628, -0.12973223763732447, 0.944625341157851]], "fy": 1063.85693359375, "fx": 1063.85693359375}, {"id": 62, "img_name": "03143884_5813885124", "width": 779, "height": 1053, "position": [-0.14770375298215188, 0.9272763801985159, 1.0363939437181287], "rotation": [[0.999891782136748, -0.013743249316283141, -0.005248534426711998], [0.013692263769025343, 0.99985988583818, -0.009629673127435576], [0.0053801420313346745, 0.009556766707014558, 0.9999398593324652]], "fy": 1061.961181640625, "fx": 1061.961181640625}, {"id": 63, "img_name": "03159926_6097586082", "width": 1068, "height": 694, "position": [-5.161307307869397, -0.518796633213087, -1.2466208581969525], "rotation": [[0.8758511283129616, 0.11360386286804929, 0.46901915032796826], [-0.10120149842477824, 0.9935236524731549, -0.051662449544918734], [-0.4718506731472273, -0.0022168260777782143, 0.8816756931733173]], "fy": 841.2671508789062, "fx": 841.2671508789062}, {"id": 64, "img_name": "03179094_2828341801", "width": 1044, "height": 775, "position": [0.5603114881534684, 0.9925985990291698, 1.3214043047904331], "rotation": [[0.9922216654041321, 0.005869566032855481, 0.12434514424470444], [-0.014577984391831323, 0.9974934662619157, 0.06924064655865131], [-0.12362705639835454, -0.07051477121408324, 0.9898201947661522]], "fy": 1121.9310302734375, "fx": 1121.9310302734375}, {"id": 65, "img_name": "03229182_10076344926", "width": 1054, "height": 690, "position": [3.7329077405093525, 0.4226566767278541, 0.598929023563384], "rotation": [[0.9378145921526648, -0.09589793470008519, -0.33362760207421277], [0.045465218621198886, 0.9867375041354328, -0.15582686491200184], [0.3441463418972482, 0.13096825589750696, 0.92973685056897]], "fy": 858.7372436523438, "fx": 858.7372436523438}, {"id": 66, "img_name": "03271940_7994033831", "width": 690, "height": 1060, "position": [-0.11536180886797776, 0.9903313229980357, 0.8481595798842062], "rotation": [[0.999414922887192, 0.029658391868306412, -0.01703501400568841], [-0.02952865425508916, 0.9995333622887491, 0.007817688253654842], [0.017258924887472826, -0.007310093264377983, 0.9998243305942272]], "fy": 787.9892578124999, "fx": 787.9892578125}, {"id": 67, "img_name": "03286121_8264101866", "width": 1034, "height": 640, "position": [0.10086392256095583, -0.6273372901034932, -1.9788948632469825], "rotation": [[0.9999865108317011, 0.005181119294509309, -0.00036627516454213957], [-0.0051634187505732836, 0.9992616631105542, 0.038071876028577804], [0.0005632596615463012, -0.03806947123858213, 0.9992749361903202]], "fy": 651.8139038085936, "fx": 651.8139038085938}, {"id": 68, "img_name": "03345834_3482558711", "width": 1050, "height": 778, "position": [-1.2329996606496791, 0.030076283260553397, -0.05809797254171573], "rotation": [[0.9902415836649648, 0.06493609874590023, 0.12330818732089514], [-0.0870186344295369, 0.9792287477651265, 0.18313606092837392], [-0.1088547805230477, -0.19207905307452233, 0.9753236765952491]], "fy": 1141.331298828125, "fx": 1141.331298828125}, {"id": 69, "img_name": "03411205_108198818", "width": 1057, "height": 688, "position": [-6.534457072464147, 1.0271726644887833, 2.8324116091190845], "rotation": [[0.5254704903917247, 0.13525544599990777, 0.8399920999954981], [-0.26797436974361405, 0.963344713656016, 0.012517980329158723], [-0.8075088240310403, -0.2316741828481853, 0.542454211997319]], "fy": 806.30615234375, "fx": 806.30615234375}, {"id": 70, "img_name": "03422093_545561871", "width": 820, "height": 607, "position": [0.800597692212467, 1.2461731989505425, 1.3526031067158442], "rotation": [[0.9932451937859105, -0.05300925143646208, -0.1032182361956203], [0.05421091297596992, 0.9984901127426867, 0.00886970514778837], [0.10259221186571979, -0.014405346828272833, 0.9946191854409688]], "fy": 861.8132934570312, "fx": 861.8132934570312}, {"id": 71, "img_name": "03423039_4680079285", "width": 1035, "height": 772, "position": [-0.0705779495141494, -0.27753272083635505, -0.2438577498730348], "rotation": [[0.9999995469961525, 0.0009391498196609944, -0.000154935812953456], [-0.0009385112376760469, 0.9999912713083459, 0.004071425275611916], [0.00015875813887987266, -0.004071278022239024, 0.999991699711112]], "fy": 757.3712158203125, "fx": 757.3712158203125}, {"id": 72, "img_name": "03431990_4125595725", "width": 780, "height": 1056, "position": [-4.629154851247218, 1.2344434290841713, 2.0340506531604534], "rotation": [[0.8390898532542891, 0.1074711909197464, 0.533271189253636], [-0.14337441041010507, 0.9893212196320086, 0.026216460962337734], [-0.5247589890656954, -0.09845540872967037, 0.8455380156365668]], "fy": 1098.20703125, "fx": 1098.2070312500002}, {"id": 73, "img_name": "03630745_9847575213", "width": 1071, "height": 582, "position": [2.720895256647613, -0.5440712833795106, -0.5311969371066595], "rotation": [[0.9911082710382018, -0.024576489991804357, -0.13076846416223223], [0.052223876739129656, 0.9757812820541505, 0.2124230596971395], [0.12238080641179996, -0.21736348757885038, 0.9683883789521416]], "fy": 789.808837890625, "fx": 789.808837890625}, {"id": 74, "img_name": "03694648_2804543313", "width": 1034, "height": 771, "position": [-4.403876109871883, -0.22855744853733412, -0.20456989517312016], "rotation": [[0.9144331618917714, 0.10673129807252335, 0.39041058188062955], [-0.11714101317045077, 0.9931111366991533, 0.0028728378853829766], [-0.3874144750341911, -0.048360109345095395, 0.9206363692349506]], "fy": 835.3297729492189, "fx": 835.3297729492186}, {"id": 75, "img_name": "03700734_864880773", "width": 782, "height": 1062, "position": [-1.518530190653939, -0.341583431394942, -0.5831135365053195], "rotation": [[0.9914571775173476, 0.026653430854831066, 0.1276803029954171], [-0.027213361624661724, 0.999626154758515, 0.00264266376796883], [-0.12756213426569882, -0.006094698218278402, 0.9918118554217871]], "fy": 838.1211547851562, "fx": 838.1211547851562}, {"id": 76, "img_name": "03801357_3078387778", "width": 992, "height": 664, "position": [0.3323755867708663, -0.29991212806657924, -0.7226703479831444], "rotation": [[0.9979784865469811, -0.001054133295356089, -0.06354391546318783], [0.016795426553991927, 0.9686891022183698, 0.24770816879997812], [0.06129318099321165, -0.24827467056944127, 0.9667485887847828]], "fy": 1435.7823486328125, "fx": 1435.7823486328125}, {"id": 77, "img_name": "03935921_2436472064", "width": 786, "height": 1072, "position": [-5.882887056172907, 1.530060080019752, 2.7096582191276024], "rotation": [[0.6947666456105724, 0.22831675946426638, 0.6820342846915906], [-0.20419119600467317, 0.9718731160930135, -0.11733968505939055], [-0.6896414021948032, -0.057741696921653894, 0.7218452970099573]], "fy": 848.2841186523438, "fx": 848.2841186523438}, {"id": 78, "img_name": "03947957_8726691258", "width": 1031, "height": 770, "position": [0.8473876200709571, 0.883894664829595, 1.1046430715913789], "rotation": [[0.998580336955166, -0.023057824126525767, -0.048017157277971005], [-0.0021279081708709255, 0.8834650191159039, -0.46849229663394887], [0.05322389175289175, 0.467929371534942, 0.8821617315445001]], "fy": 847.9987182617188, "fx": 847.9987182617185}, {"id": 79, "img_name": "03979751_4422691568", "width": 1064, "height": 693, "position": [3.55095301011001, -0.6148266847605772, -0.98793318218309], "rotation": [[0.9368122596109688, -0.04174728143542956, -0.3473326283770962], [0.09774946907171066, 0.9845456491042329, 0.14530969040681074], [0.33589854351989923, -0.1700794794285176, 0.9264152088229851]], "fy": 842.1465454101562, "fx": 842.1465454101561}, {"id": 80, "img_name": "04118018_36614916", "width": 778, "height": 1050, "position": [-2.2032946777999416, -0.3334429055247495, -0.46320062934230055], "rotation": [[0.9787315475878086, 0.005393373728678737, 0.20507430184251724], [-0.03738906117798381, 0.987600851218283, 0.15246841239139297], [-0.20170923593282, -0.15689318083570644, 0.9667977626922044]], "fy": 1186.8941650390625, "fx": 1186.8941650390625}, {"id": 81, "img_name": "04177294_2158525863", "width": 1053, "height": 779, "position": [-8.290450834488126, 0.17518486023886867, 0.7127030097475453], "rotation": [[0.7909478374759444, 0.09825303463420684, 0.6039435897311074], [-0.15051353783176238, 0.9879377944265187, 0.03639490724032985], [-0.5930827879153917, -0.11968815951811994, 0.7961956739079105]], "fy": 1107.5164794921875, "fx": 1107.5164794921875}, {"id": 82, "img_name": "04191463_3657719078", "width": 1055, "height": 780, "position": [-3.871040663326787, 0.9549618598451252, 1.208486906302175], "rotation": [[0.9238339307969614, 0.15764902290302205, 0.3488232416080636], [-0.043462647513438625, 0.9485630180969395, -0.31359081454970555], [-0.3803181123472267, 0.2745450532727691, 0.8831665455303969]], "fy": 1127.042724609375, "fx": 1127.042724609375}, {"id": 83, "img_name": "04304346_11949718535", "width": 687, "height": 1054, "position": [6.188608213949251, 0.13395071692081637, 1.837817981618779], "rotation": [[0.7314720412218103, -0.162386880446496, -0.6622530890601068], [0.22337810486579598, 0.9747012573707682, 0.0077253573644905016], [0.6442444219218073, -0.1535837228963377, 0.7492403919196674]], "fy": 805.6915893554688, "fx": 805.6915893554688}, {"id": 84, "img_name": "04442100_5871186707", "width": 1053, "height": 779, "position": [1.8804642153897848, -1.2820902759479798, -2.935183005597952], "rotation": [[0.9938155856515112, -0.016149664685869213, -0.10986250519025001], [0.020528941634474013, 0.9990342400196237, 0.03884777759127733], [0.10912902579750301, -0.04086288779500269, 0.9931873338547672]], "fy": 818.3286743164062, "fx": 818.3286743164064}, {"id": 85, "img_name": "04548596_2509239912", "width": 1052, "height": 691, "position": [2.6265138890812834, -0.6320184355575648, -0.728757378608953], "rotation": [[0.981118325493275, 0.0154049297005766, -0.19279398206944223], [0.03585537170778012, 0.9650564183091616, 0.25957754486856044], [0.19005584363804506, -0.26158898604722036, 0.9462821876574757]], "fy": 1095.8697509765625, "fx": 1095.8697509765625}, {"id": 86, "img_name": "04637131_9782417482", "width": 746, "height": 995, "position": [-1.2992820828976932, 0.9975663030809371, 1.3581210518280316], "rotation": [[0.9878786377846396, 0.018291442669656727, 0.15414674869690734], [-0.0014967279896515725, 0.9941093431439908, -0.10837146155306766], [-0.15522099347088925, 0.10682713606048648, 0.9820867610282832]], "fy": 933.3162841796875, "fx": 933.3162841796875}, {"id": 87, "img_name": "04739469_4127259198", "width": 1049, "height": 689, "position": [1.505481772663867, -0.013486587157875273, -0.016568144061708222], "rotation": [[0.9815371236021802, -0.016428832354759594, -0.1905648667992553], [0.06075516626329675, 0.9714868919804752, 0.2291768497960377], [0.18136616212259077, -0.2365233861113434, 0.9545485860129627]], "fy": 880.02587890625, "fx": 880.0258789062502}, {"id": 88, "img_name": "04769980_54675603", "width": 609, "height": 824, "position": [-1.5615066425015989, 1.1787531898742538, 1.4339686794275717], "rotation": [[0.9686426435432266, -0.004272589306283446, 0.24842136399716042], [-0.04375696186475806, 0.9812906472666735, 0.18749398357099165], [-0.24457464586084132, -0.1924848320454706, 0.9503330111252957]], "fy": 829.7578125, "fx": 829.7578125}, {"id": 89, "img_name": "05172599_6594573411", "width": 1056, "height": 780, "position": [-2.8761377303417968, -0.33244216812348726, -0.5433286132863183], "rotation": [[0.9683292581057856, 0.0315275502578052, 0.24767814088255838], [-0.06689936035871435, 0.9884853216018032, 0.1357248855640501], [-0.24054713359317698, -0.14799588694460797, 0.9592884310610574]], "fy": 1071.38916015625, "fx": 1071.38916015625}, {"id": 90, "img_name": "05246673_6643696029", "width": 1041, "height": 970, "position": [4.264382219693634, -0.5918458596634486, -0.6377578740949894], "rotation": [[0.916022333791205, -0.04400463935009384, -0.3987062524106973], [0.12610034594943106, 0.9751631688991036, 0.18208650903922638], [0.3807910013999126, -0.2170723053231956, 0.8988202420476105]], "fy": 1279.1197509765625, "fx": 1279.1197509765625}, {"id": 91, "img_name": "05282893_8270640466", "width": 504, "height": 376, "position": [-1.6689750455780248, 0.1405108152636565, 0.3086234803859579], "rotation": [[0.977701548784842, 0.009411381046723651, 0.2097882442142899], [-0.02284241887445098, 0.9978338682114053, 0.061691128618528705], [-0.20875321651099246, -0.06510758294589883, 0.9757986970883172]], "fy": 361.82342529296875, "fx": 361.8234252929687}, {"id": 92, "img_name": "05343615_8056776960", "width": 1066, "height": 784, "position": [-0.38835923221528734, 0.9800403116053577, 1.400049064954412], "rotation": [[0.9996612218822882, 0.004695009889044518, 0.025600748952958195], [-0.00895830757365159, 0.985565239401141, 0.16905888799346666], [-0.024437475119710558, -0.1692309539248462, 0.985273410807102]], "fy": 1147.7177734375, "fx": 1147.7177734375}, {"id": 93, "img_name": "05425218_7723046360", "width": 771, "height": 1034, "position": [0.3859944631079259, -0.5263590168210134, -0.5050672187382237], "rotation": [[0.9549088693751249, 0.0414162939009093, 0.2939961594787154], [-0.0611251490212428, 0.9964339038947984, 0.05816520717836665], [-0.2905387536041476, -0.07351303128347353, 0.9540351497118247]], "fy": 765.2545776367189, "fx": 765.2545776367188}, {"id": 94, "img_name": "05444654_8300058343", "width": 1012, "height": 674, "position": [1.9336912681593843, 1.28287574962291, 1.458732078095584], "rotation": [[0.9707109158351406, -0.09835026152294556, -0.21919749984174317], [0.09956277960699368, 0.9950158841737221, -0.0055356263344676524], [0.2186494244113896, -0.01645041945829527, 0.9756648056090854]], "fy": 1016.8883056640626, "fx": 1016.8883056640625}, {"id": 95, "img_name": "05568657_2694243590", "width": 779, "height": 1053, "position": [1.3997659891372476, -0.5399813800705299, -1.0018497092895182], "rotation": [[0.9921686053621414, -0.038945320840969896, -0.1186790652067048], [0.042484284020520076, 0.9987203548518038, 0.02743607872767238], [0.11745869122805327, -0.03226321108137209, 0.9925535456919753]], "fy": 1101.733154296875, "fx": 1101.733154296875}, {"id": 96, "img_name": "05593084_9128313439", "width": 998, "height": 665, "position": [0.3304949909807346, 0.5039860289820004, 0.16540101149083036], "rotation": [[0.9991020011961882, -0.015915091638835664, -0.03926704806703906], [0.01963643030716148, 0.9951603358931608, 0.09628248267365801], [0.03754466420896161, -0.09696708577212541, 0.9945791986897261]], "fy": 1576.964599609375, "fx": 1576.964599609375}, {"id": 97, "img_name": "05622881_4810698460", "width": 1045, "height": 776, "position": [5.211163725185464, -0.45459763162412786, -0.3419669567136634], "rotation": [[0.8417160902123495, 