[{"id": 0, "img_name": "84113133_8624314215", "width": 1013, "height": 673, "position": [-0.37490066806237293, -1.0780535467054588, -4.533662977765455], "rotation": [[0.997840318408182, -0.02628234825570443, 0.060199145585495176], [0.01748572306455903, 0.9896769121813546, 0.1422457696526999], [-0.06331625737492165, -0.14088593849403597, 0.9879990910353548]], "fy": 2166.183837890625, "fx": 2166.183837890625}, {"id": 1, "img_name": "85001381_5684151343", "width": 1018, "height": 677, "position": [0.41887942995046334, 0.4708954893021964, 2.2338151455808752], "rotation": [[0.9961772420685965, 0.006786882978744405, 0.08709099037235618], [0.01003794613534115, 0.9814797141888177, -0.1913029280309646], [-0.08677639092511855, 0.19144583791576475, 0.9776596284611234]], "fy": 1153.36474609375, "fx": 1153.3647460937498}, {"id": 2, "img_name": "86628129_857813368", "width": 1060, "height": 781, "position": [2.5327015656949796, 1.027418960588547, 4.283834365748351], "rotation": [[0.7927823637518702, -0.32702374745428153, -0.514345790616542], [0.09865855982362455, 0.9015979170925804, -0.4211741735527578], [0.6014670500513936, 0.28315484190682433, 0.7470346198183828]], "fy": 1150.605224609375, "fx": 1150.605224609375}, {"id": 3, "img_name": "87789955_4151176666", "width": 991, "height": 659, "position": [3.006399314855359, 0.22172749222837224, 0.5128160195244552], "rotation": [[0.9438744086977852, -0.1371393158592596, -0.3004894484854011], [0.10869424325341559, 0.9880260035271875, -0.10949967049110748], [0.3119080987870845, 0.0706924635286395, 0.9474787140148734]], "fy": 1542.0966796875, "fx": 1542.0966796875002}, {"id": 4, "img_name": "88312545_2361506957", "width": 1034, "height": 771, "position": [0.4072781738099878, 0.9879196644733377, 4.298416917656917], "rotation": [[0.9954984264168861, 0.033074517794006844, 0.08881981352264538], [0.007373326813902566, 0.9072684695757343, -0.42048728656809575], [-0.09449083052444275, 0.4192493296194979, 0.9029404645713928]], "fy": 1341.8585205078125, "fx": 1341.8585205078127}, {"id": 5, "img_name": "88658044_5727130447", "width": 1082, "height": 696, "position": [-0.8594588144899754, 0.9246650009655786, 4.141459923490558], "rotation": [[0.9141846219728389, 0.1402590483190702, 0.38025501484267954], [-0.0654753257421202, 0.9769958282838055, -0.2029584519920378], [-0.39997432251000936, 0.16064417474863443, 0.902338068825642]], "fy": 810.6626586914062, "fx": 810.6626586914061}, {"id": 6, "img_name": "88909760_6880126015", "width": 1025, "height": 685, "position": [-2.483389329722339, -0.07788121866577391, -0.26267854790711387], "rotation": [[0.9263707390864322, 0.04540995232586859, 0.37386520297323744], [-0.04573376962626617, 0.9989215518579344, -0.00800971594425979], [-0.3738257295588805, -0.009678298584898947, 0.9274484645824114]], "fy": 1805.814697265625, "fx": 1805.814697265625}, {"id": 7, "img_name": "90146413_6880121203", "width": 1040, "height": 690, "position": [-2.333641146994166, 0.8210475621105765, 3.716718676587832], "rotation": [[0.793580839364513, 0.1900189121868027, 0.5780330997485], [-0.09443677121999704, 0.9769387184162204, -0.19150048746886994], [-0.601091629982532, 0.09738353798572438, 0.7932246207060936]], "fy": 1173.7388916015623, "fx": 1173.7388916015625}, {"id": 8, "img_name": "92068036_76585881", "width": 1049, "height": 777, "position": [2.8317244048202945, 0.6796388280312351, 2.5280144861790887], "rotation": [[0.9325951562362174, -0.14169550701635283, -0.3319467696124246], [0.11095317248125164, 0.9877299015840134, -0.10990466338232041], [0.3434467470818307, 0.06566600953472233, 0.9368736879167302]], "fy": 1289.7386474609375, "fx": 1289.7386474609375}, {"id": 9, "img_name": "93193760_2911911756", "width": 1049, "height": 777, "position": [-0.215596331953668, 0.8117396660022254, 3.7632406793781903], "rotation": [[0.973896553512033, 0.04948892569458731, 0.22153182455570475], [0.020802398527545184, 0.9523787159503847, -0.30420723466117294], [-0.22603708384441062, 0.3008747706908846, 0.926488860747296]], "fy": 1071.0205078125, "fx": 1071.0205078125}, {"id": 10, "img_name": "00315862_6836283050", "width": 1028, "height": 681, "position": [-2.8178471883083636, -1.6033550660964517, -6.849244045646694], "rotation": [[0.9541370829086261, 0.01678636615302467, 0.2988990547492485], [-0.050694113062958755, 0.9930674040833541, 0.10605299546881343], [-0.29504666396924, -0.1163415182062053, 0.9483734060074112]], "fy": 1517.902099609375, "fx": 1517.902099609375}, {"id": 11, "img_name": "00436870_59297810", "width": 1060, "height": 782, "position": [-0.03818417576060916, -0.251608622171582, -0.9965106159832356], "rotation": [[0.9982266263026799, -0.022894886271067356, 0.054949310487073084], [0.01710596392886507, 0.994472033930549, 0.10359903343227331], [-0.05701744065138522, -0.10247535270820883, 0.9931001024815646]], "fy": 1044.645751953125, "fx": 1044.645751953125}, {"id": 12, "img_name": "00609395_7226852998", "width": 1045, "height": 776, "position": [-1.3516756178776907, -0.9430719078504924, -4.075740364950816], "rotation": [[0.9705255218864709, 0.0023202152360289573, 0.24098719461467646], [-0.04267054146716946, 0.985809294921492, 0.162355347732341], [-0.2371907170567432, -0.1678530626698521, 0.9568520852746566]], "fy": 1274.2349853515627, "fx": 1274.2349853515625}, {"id": 13, "img_name": "00787747_3221432213", "width": 1054, "height": 731, "position": [2.8010515533642275, 1.0724906160873477, 4.527711656834935], "rotation": [[0.8133630551143909, -0.3434344964465385, -0.4695671274966944], [0.17616960195324013, 0.9146597471171588, -0.36381563785963417], [0.5544409904783567, 0.213190744766484, 0.8044531648413664]], "fy": 1060.7186279296875, "fx": 1060.7186279296875}, {"id": 14, "img_name": "00880621_5104022828", "width": 696, "height": 1077, "position": [-0.6275781275413365, 0.3229929966959136, 1.5754897426674273], "rotation": [[0.974294411086072, 0.02039502392003336, 0.22435338982450279], [-0.033925049159662456, 0.9978193700830481, 0.0566179805943618], [-0.22270943304215593, -0.06277378183899958, 0.9728617377344384]], "fy": 842.6410522460938, "fx": 842.6410522460939}, {"id": 15, "img_name": "00883281_9633489441", "width": 1084, "height": 694, "position": [0.6144470203439738, 0.8285713960829227, 2.83237906015391], "rotation": [[0.9993262202974229, -0.02102293360569882, -0.030085572766314548], [0.015292245446210924, 0.9836569782283567, -0.1794020524182234], [0.03336544103229672, 0.17882109899357101, 0.9833156979828259]], "fy": 846.1136474609375, "fx": 846.1136474609375}, {"id": 16, "img_name": "01069771_8567470929", "width": 1058, "height": 691, "position": [2.867587124737234, -0.5096669559567464, -2.643222169719598], "rotation": [[0.9717548934836633, -0.02948193169626249, -0.23414363688559048], [0.04697413082018312, 0.9964764789003926, 0.06948422865632202], [0.23127009755747208, -0.07852033304649587, 0.9697157827291585]], "fy": 1104.2620849609377, "fx": 1104.2620849609375}, {"id": 17, "img_name": "01473103_2691761403", "width": 1026, "height": 683, "position": [-3.6206888317113193, -0.8301638817373884, -3.3857870347063046], "rotation": [[0.9278561739421881, -0.00320790548719196, 0.3729244291002524], [-0.03221470102730834, 0.9955359184483947, 0.08871554608315332], [-0.37154425512324246, -0.09432891614715079, 0.923610806597356]], "fy": 1470.263427734375, "fx": 1470.263427734375}, {"id": 18, "img_name": "01587180_6880119979", "width": 1043, "height": 691, "position": [-1.6514514692649997, 0.8845551148064845, 4.004382698111137], "rotation": [[0.8540300187617347, 0.1764665552403025, 0.48937948663123615], [-0.03613675878047861, 0.9585608880097541, -0.28258655071109257], [-0.518967110440221, 0.2236528087451009, 0.8250167025107764]], "fy": 1087.1246337890625, "fx": 1087.1246337890625}, {"id": 19, "img_name": "01606261_5217160071", "width": 777, "height": 1048, "position": [-0.8569247649006505, 0.907698941808592, 3.9881939056530817], "rotation": [[0.881706820916085, 0.22475708466422797, 0.4148220520214516], [-0.07569174207117883, 0.935234896789858, -0.3458416516394368], [-0.46568642038638075, 0.27353233944033123, 0.8416152429394435]], "fy": 1066.3115234375, "fx": 1066.3115234375}, {"id": 20, "img_name": "01677427_4801156058", "width": 689, "height": 1020, "position": [-0.17661894838419823, 0.3602195641491107, 2.8973347471851962], "rotation": [[0.9946375565246229, -0.026086835581703743, 0.10007801037221392], [0.005107516193093363, 0.9788748068026362, 0.204396736484316], [-0.1032959071263963, -0.20278952047981866, 0.9737588849168465]], "fy": 641.4556274414062, "fx": 641.4556274414062}, {"id": 21, "img_name": "01738801_5114523193", "width": 1023, "height": 767, "position": [-0.6534873285901637, -0.05671917920507641, -0.21421616671182034], "rotation": [[0.975969833976478, 0.013749624706282269, 0.21747144867398693], [-0.023079270105615408, 0.9989162442785523, 0.04041885955619746], [-0.21668001859728137, -0.044466669954787034, 0.9752294523873927]], "fy": 1480.2109375, "fx": 1480.2109375}, {"id": 22, "img_name": "01911720_4970488279", "width": 1055, "height": 780, "position": [-1.139362951912096, 0.6514935269491956, 2.82949833005907], "rotation": [[0.9293307269747834, 0.05763883756215394, 0.3647220370432864], [-0.02911443394552999, 0.9961046156497816, -0.0832342742939], [-0.3680988313436382, 0.06673349298279273, 0.9273887487336493]], "fy": 862.2162475585938, "fx": 862.2162475585938}, {"id": 23, "img_name": "02035158_8518636650", "width": 771, "height": 1036, "position": [0.4586613509258132, 0.0016123899674898058, 0.09534296273704836], "rotation": [[0.9988224729198, -0.019327279408487035, 0.044498582685762324], [0.016550287902542517, 0.9979420011082956, 0.06195038655499841], [-0.04560433708232484, -0.06114097394249658, 0.9970867694161049]], "fy": 1777.7700195312498, "fx": 1777.77001953125}, {"id": 24, "img_name": "02368960_3585648661", "width": 697, "height": 1095, "position": [-0.49582436929278395, 0.4987533786502129, 2.2671765102429378], "rotation": [[0.9832721362158677, 0.06965584659855337, 0.16829726431562383], [-0.06830928012563055, 0.9975689595171707, -0.01378452960922159], [-0.16884829993281633, 0.0020576789030769633, 0.9856399025847774]], "fy": 807.9944458007814, "fx": 807.9944458007812}, {"id": 25, "img_name": "02516180_10994677186", "width": 1050, "height": 689, "position": [-2.3442748306276924, -0.029973431010167383, -0.07541837391036227], "rotation": [[0.926361400196554, 0.045394547722824724, 0.3738902128471946], [-0.051786679774838286, 0.9986331948690452, 0.00706271219447291], [-0.3730585691600966, -0.025905156681320988, 0.9274460775880923]], "fy": 1011.5227661132812, "fx": 1011.5227661132811}, {"id": 26, "img_name": "02527216_3379040375", "width": 780, "height": 1055, "position": [-0.23901998851731265, 1.2380087488085998, 5.417355633916856], "rotation": [[0.8922022640376328, 0.16366461905216634, 0.4209382526174493], [0.033215150524551464, 0.9057277270667246, -0.42255655029614253], [-0.4504130036108568, 0.39098743828038046, 0.8026561837332297]], "fy": 1104.266845703125, "fx": 1104.266845703125}, {"id": 27, "img_name": "02566955_9377454362", "width": 1087, "height": 699, "position": [0.3197992976607462, 0.8690472117808206, 3.8260677581564613], "rotation": [[0.9967394665816249, 0.005961027385818955, 0.08046677519997511], [0.0043817362293904205, 0.9917968071723555, -0.12774933921683215], [-0.08056820803638282, 0.1276853924112963, 0.9885369008886717]], "fy": 506.2594909667969, "fx": 506.2594909667968}, {"id": 28, "img_name": "02749394_3866382383", "width": 998, "height": 663, "position": [0.876316643458149, -0.9455261369903953, -4.348260993160943], "rotation": [[0.9997808790250923, -0.01718985577232818, 0.011945827486648169], [0.015630894000754274, 0.992628781349639, 0.12018226819738365], [-0.01392368803698888, -0.1199692097784145, 0.9926799683768135]], "fy": 1310.179443359375, "fx": 1310.179443359375}, {"id": 29, "img_name": "03028144_6880112453", "width": 700, "height": 1079, "position": [2.959379432494861, 0.4165980537580062, 1.2746184276195094], "rotation": [[0.9402737334308647, -0.13289543358795206, -0.31340725893229315], [0.09385768611663853, 0.9861724004938018, -0.13658232411671392], [0.3272247560573828, 0.09900909168234381, 0.9397452627108176]], "fy": 813.098388671875, "fx": 813.0983886718751}, {"id": 30, "img_name": "03034452_4601940001", "width": 1074, "height": 699, "position": [0.5293021726040629, 0.6738868219042139, 2.9773054489857977], "rotation": [[0.9908008345659692, -0.004168235353493139, 0.1352639347254715], [0.01083628054541973, 0.998759644865905, -0.04859780665084164], [-0.1348935923137926, 0.04961650533209207, 0.9896170578316194]], "fy": 806.1316528320312, "fx": 806.1316528320312}, {"id": 31, "img_name": "03058406_6979024134", "width": 698, "height": 1083, "position": [0.5682818550712723, 0.6969890419470828, 2.6423099954948257], "rotation": [[0.9978574223033778, -0.029563400622492818, 0.058365829880950765], [0.02980014585915464, 0.9995507872884991, -0.0031898178184475165], [-0.05824530934617141, 0.004922293629576362, 0.9982901657156565]], "fy": 845.8737182617186, "fx": 845.8737182617188}, {"id": 32, "img_name": "03154363_5457548277", "width": 1039, "height": 686, "position": [-0.41297503890456455, -1.218051954888486, -5.443491610603549], "rotation": [[0.9951474469238304, -0.03466150532454389, 0.09208766980230748], [0.01758502574121019, 0.9834825490535967, 0.18014672513459987], [-0.09681077290603134, -0.17765318954546447, 0.9793196712481884]], "fy": 1226.97314453125, "fx": 1226.97314453125}, {"id": 33, "img_name": "03234383_10253641595", "width": 1036, "height": 685, "position": [-0.6503049996919502, -0.3216524335900129, -1.5884819191086614], "rotation": [[0.9994938940949187, 0.005921402038513744, 0.031255282191555205], [-0.01201128089450965, 0.9800414822426585, 0.1984298924428634], [-0.029456489917311094, -0.19870488187639337, 0.9796166010844446]], "fy": 1334.492431640625, "fx": 1334.492431640625}, {"id": 34, "img_name": "03468593_10179627825", "width": 375, "height": 501, "position": [2.7096398241567115, 0.17254805772507933, 0.096017673298675], "rotation": [[0.9773338846475335, -0.07848999375663249, -0.19661586609387752], [0.09377684752574529, 0.9931523602889906, 0.06967275020077826], [0.1898008977531321, -0.08653155570363175, 0.9780019985049183]], "fy": 1005.4663696289062, "fx": 1005.4663696289062}, {"id": 35, "img_name": "03528982_4163624176", "width": 1040, "height": 774, "position": [2.4793316178595877, 0.2243628136961823, 0.4431517137726652], "rotation": [[0.976460729472727, -0.0382597209327472, -0.21227491032088114], [0.05661624354196955, 0.9950982629393115, 0.08108050358971008], [0.20813227708547805, -0.09119013570180112, 0.9738404974049399]], "fy": 1342.0312500000002, "fx": 1342.03125}, {"id": 36, "img_name": "03683934_363624591", "width": 1059, "height": 781, "position": [0.743621085349761, 0.5216315642170846, 1.7131244669724441], "rotation": [[0.9997659944742034, -0.021306023374261338, 0.0037429481672308124], [0.02119224094583724, 0.9993780842051333, 0.028183926876345664], [-0.004341107773452138, -0.02809801022231022, 0.9995957465920142]], "fy": 1209.4853515625, "fx": 1209.4853515625}, {"id": 37, "img_name": "03829260_438904431", "width": 1024, "height": 767, "position": [0.3496435705346004, 0.6882897915039421, 2.716287179454266], "rotation": [[0.9961736679491292, 0.003969381300931716, 0.08730559716802591], [0.0021554264210682976, 0.997548328944964, -0.0699477344597605], [-0.08736920179171354, 0.06986827199235443, 0.9937228220922981]], "fy": 1109.8267822265625, "fx": 1109.8267822265627}, {"id": 38, "img_name": "04015833_4640057700", "width": 993, "height": 662, "position": [5.387151688708581, -1.294220585527865, -6.823151712844237], "rotation": [[0.959698793167314, -0.08304094587081046, -0.2684817083193608], [0.11572973357578818, 0.9873598622745497, 0.10829187936156444], [0.256095402457128, -0.13499890250688587, 0.9571783747882409]], "fy": 1995.7773437500002, "fx": 1995.77734375}, {"id": 39, "img_name": "04065134_2407408396", "width": 1026, "height": 768, "position": [0.17979245128094185, -1.27229012600216, -5.47965996817098], "rotation": [[0.9988486503045724, -0.02385295574943941, 0.04162223308220421], [0.017651669894185956, 0.9894986971028858, 0.14345991419779364], [-0.04460708839053203, -0.14256003975065001, 0.98878048258024]], "fy": 1897.8458251953125, "fx": 1897.8458251953125}, {"id": 40, "img_name": "04191810_9440439323", "width": 828, "height": 543, "position": [-1.4941167931210582, 0.831374119294364, 3.850022925561255], "rotation": [[0.8796386220066131, 0.07807683781770934, 0.4691906883887336], [-0.022442451301133433, 0.992149654034127, -0.12302601505193353], [-0.47511286138548486, 0.09768864517613826, 0.8744853901293879]], "fy": 623.0292358398438, "fx": 623.0292358398438}, {"id": 41, "img_name": "04257679_3822738446", "width": 784, "height": 1066, "position": [-0.04567627375658631, -0.38214451953706496, -1.514335651839423], "rotation": [[0.9903869476497569, -0.08266778000763408, 0.11090415715205232], [0.07629910622673564, 0.995248023449957, 0.06049643136545189], [-0.1153782488773296, -0.05145298793620188, 0.9919881298273877]], "fy": 1150.93505859375, "fx": 1150.93505859375}, {"id": 42, "img_name": "04371528_389640014", "width": 1028, "height": 769, "position": [0.8396154340803942, -1.792010477320929, -8.610717179536643], "rotation": [[0.9961157990307978, -0.006153427345951793, -0.0878376357442144], [0.02112947346233687, 0.9851128440281748, 0.17060548022242825], [0.08548017473332396, -0.17179877724424886, 0.9814164864444357]], "fy": 2011.5631103515625, "fx": 2011.5631103515627}, {"id": 43, "img_name": "04729261_2862939197", "width": 1020, "height": 765, "position": [-2.9399469768698325, -0.5037334034043249, -1.9412956878905478], "rotation": [[0.929215563217415, 0.027725909211797403, 0.368496554981076], [-0.043530485969552, 0.9984512417618995, 0.034644113719011174], [-0.36696530335414085, -0.04823268375801112, 0.9289833552608481]], "fy": 2345.798583984375, "fx": 2345.798583984375}, {"id": 44, "img_name": "04800984_8342094434", "width": 1061, "height": 690, "position": [2.5916407607292746, 0.39387267189813313, 1.2137510374366707], "rotation": [[0.9490126529652653, -0.0776073405218273, -0.3055357347495676], [0.10059357607989848, 0.9931048522479917, 0.0601970505336606], [0.29875728771577553, -0.08786269480629169, 0.9502758704176855]], "fy": 803.9760742187501, "fx": 803.97607421875}, {"id": 45, "img_name": "04973003_12725180485", "width": 697, "height": 1080, "position": [2.583918801906038, 0.4407310626836315, 1.3954693704651089], "rotation": [[0.9554399263660048, -0.05606535876903578, -0.28981239216400406], [0.06212818794001302, 0.9979989586482328, 0.011754437474137762], [0.2885734488289135, -0.029236177642473993, 0.9570112907107441]], "fy": 861.806884765625, "fx": 861.806884765625}, {"id": 46, "img_name": "05103925_5229366243", "width": 1061, "height": 782, "position": [1.2080772820563697, 0.48812027417943366, 2.086305297571038], "rotation": [[0.9974153299102777, -0.014238889411657242, -0.07042665467203567], [0.011002970745954136, 0.9988751348459122, -0.04612374249044091], [0.07100418505084927, 0.045229625411708, 0.99645004224516]], "fy": 1026.695068359375, "fx": 1026.695068359375}, {"id": 47, "img_name": "05139478_628758945", "width": 694, "height": 1056, "position": [0.961332003997222, 0.8370632961672716, 3.6210338866994034], "rotation": [[0.9976516106652414, -0.04506185533278936, -0.05158190507354613], [0.038064355178753805, 0.990860710459293, -0.12940694468586625], [0.056941800128510515, 0.12713961484160605, 0.9902490342010198]], "fy": 1074.022216796875, "fx": 1074.022216796875}, {"id": 48, "img_name": "05268436_9257818477", "width": 684, "height": 1037, "position": [0.201100134746821, 0.23314723139084184, 0.8905733134900662], "rotation": [[0.995016665787126, -0.010427582975189274, 0.09916199029449975], [0.0032228772897320763, 0.997360274979798, 0.07254029882897739], [-0.09965664989275048, -0.0718592193494861, 0.9924237022192871]], "fy": 790.7064208984375, "fx": 790.7064208984375}, {"id": 49, "img_name": "05714706_2362913557", "width": 1050, "height": 689, "position": [2.5954643646209927, 0.5815661161022976, 2.176773284062252], "rotation": [[0.9471123342435711, -0.08409716203206469, -0.3096867670111959], [0.07182212094400359, 0.9961204516835672, -0.050849077482596455], [0.31276158534385107, 0.02591742803363857, 0.949478002724298]], "fy": 931.4974975585938, "fx": 931.4974975585938}, {"id": 50, "img_name": "05755941_130365389", "width": 1023, "height": 767, "position": [0.08118836960695702, -1.5060242342208479, -6.583761398322206], "rotation": [[0.9978998723107502, -0.04265087539324485, 0.04875189914637628], [0.03042613854131486, 0.9730676719687937, 0.22850285744974105], [-0.05718474390651109, -0.22653964023415835, 0.9723218070510015]], "fy": 1544.6787109375, "fx": 1544.6787109375}, {"id": 51, "img_name": "06832993_8178963703", "width": 1024, "height": 767, "position": [-0.0032569247357547623, 0.7310024070639742, 3.2469070217732097], "rotation": [[0.9887020133296764, 0.02585137714202011, 0.14764834959357068], [-0.001308568650007858, 0.9864668859397725, -0.1639553920808231], [-0.14988868031286565, 0.16190981824506276, 0.9753556245133969]], "fy": 819.2760009765625, "fx": 819.2760009765625}, {"id": 52, "img_name": "06863689_7353555136", "width": 1021, "height": 766, "position": [-0.7192123681388104, -1.440650261835564, -6.2403033829076024], "rotation": [[0.9905580513436127, -0.035755264272963765, 0.13234918962772366], [0.0009906054612320607, 0.9672320936617071, 0.2538918976486063], [-0.13709035567524366, -0.2513635575567006, 0.9581349572546]], "fy": 1365.0128173828125, "fx": 1365.0128173828125}, {"id": 53, "img_name": "06935805_2163586273", "width": 1022, "height": 681, "position": [0.14367902418052314, -1.3298904264423768, -5.760253930781911], "rotation": [[0.996194235016797, -0.023458654772377508, 0.08394484877328183], [0.010458209899209384, 0.988313296067039, 0.15207713392489225], [-0.08653133516248795, -0.15062045124542658, 0.9847973434679956]], "fy": 1479.938232421875, "fx": 1479.938232421875}, {"id": 54, "img_name": "07205286_7190553934", "width": 1058, "height": 580, "position": [-1.0495275057887017, 0.9043993877204115, 3.8668877943711193], "rotation": [[0.9247375064058558, 0.07983084695233018, 0.37213919455111605], [0.017932241095577783, 0.9675314007990525, -0.2521139091702659], [-0.3801828230937977, 0.23981247745414888, 0.8932810289498672]], "fy": 1091.0823974609375, "fx": 1091.0823974609375}, {"id": 55, "img_name": "07304456_3400569249", "width": 816, "height": 593, "position": [0.12565776983687404, 0.5008654605452905, 2.0451733221964705], "rotation": [[0.9936391235059691, 0.01727153774937916, 0.11127886691578721], [0.012937436314058784, 0.9641170750798336, -0.2651620038412871], [-0.11186561124809259, 0.26491500433776655, 0.9577609960197857]], "fy": 2357.9560546875, "fx": 2357.9560546875}, {"id": 56, "img_name": "07457740_6371609803", "width": 1032, "height": 684, "position": [2.524691920027412, -0.7040156960696825, -3.653312305095107], "rotation": [[0.9585774072971566, -0.07323699015986722, -0.27525569474905465], [0.0858065806359295, 0.995735357474778, 0.0338869974200362], [0.27160004591131975, -0.0561020600949673, 0.9607736330239656]], "fy": 1360.99853515625, "fx": 1360.99853515625}, {"id": 57, "img_name": "08158971_2821952368", "width": 1018, "height": 678, "position": [6.214470632519821, -1.1010790623514564, -5.596551246239981], "rotation": [[0.8278846016148724, -0.0425237843003241, -0.5592841980404625], [0.11363036767030855, 0.9891614117981198, 0.09299376835391077], [0.5492678999833273, -0.14053977792187458, 0.8237434945840699]], "fy": 1749.20166015625, "fx": 1749.20166015625}, {"id": 58, "img_name": "08468928_1469537330", "width": 1010, "height": 673, "position": [-2.43746917805972, -0.2598770319054758, -0.9898934796602156], "rotation": [[0.9234607760009075, 0.012251915408685005, 0.38349717829029734], [-0.04895423096180212, 0.9950838330753522, 0.08609093113100351], [-0.38055706334101885, -0.09827540750809982, 0.9195206717743635]], "fy": 1232.7340087890625, "fx": 1232.7340087890623}, {"id": 59, "img_name": "08507139_7168341023", "width": 1022, "height": 766, "position": [0.37102598713517504, 0.7659067073443886, 3.3675465922019074], "rotation": [[0.996023127933734, 0.023473222387558192, 0.0859472887986854], [0.01109039645622182, 0.9245017599642197, -0.3810164024415537], [-0.08840210250635569, 0.3804543384610096, 0.9205648073974213]], "fy": 2496.057373046875, "fx": 2496.057373046875}, {"id": 60, "img_name": "08814095_3507579332", "width": 984, "height": 738, "position": [2.234213379964653, 0.759412758229649, 2.909642121645122], "rotation": [[0.9595620855452393, -0.03686244009672841, -0.2790730450870991], [0.019161728137215117, 0.9976427585463772, -0.06589199112767967], [0.28084414211242936, 0.05787993460682093, 0.9580065140754752]], "fy": 1010.8591918945312, "fx": 1010.8591918945312}, {"id": 61, "img_name": "08938701_6239417031", "width": 1045, "height": 856, "position": [0.1700968549264394, 0.19289295120332878, 0.641990996805252], "rotation": [[0.9933789050504341, -0.019110179100776534, 0.11328350301582726], [0.014905922810091732, 0.9991724685820164, 0.0378443059508246], [-0.11391296882260724, -0.03590514005621306, 0.9928417076511056]], "fy": 1316.0008544921875, "fx": 1316.0008544921875}, {"id": 62, "img_name": "09234134_4947371805", "width": 1036, "height": 772, "position": [0.23396454027423771, 0.9673322294408957, 4.201191818732415], "rotation": [[0.9911078115715812, 0.028891551913251698, 0.129886812532432], [0.017012538072743395, 0.9406172185490157, -0.3390425072427303], [-0.13196923652925596, 0.33823738172643963, 0.9317615543757577]], "fy": 1108.393310546875, "fx": 1108.393310546875}, {"id": 63, "img_name": "09237518_3859534957", "width": 1050, "height": 778, "position": [0.5063184775373413, 0.3369429748077078, 1.7348756523184514], "rotation": [[0.9995050184779453, -0.00452847864243683, 0.031132152488817393], [0.004884391063393966, 0.9999234779310691, -0.011365782250880146], [-0.031078300489920982, 0.011512218006082863, 0.9994506531466365]], "fy": 1057.520263671875, "fx": 1057.520263671875}, {"id": 64, "img_name": "09390945_765838744", "width": 1078, "height": 694, "position": [0.3637857723150837, 0.4585067174223998, 2.187975538691597], "rotation": [[0.997205316705221, -0.014004652694209804, 0.07338546203271164], [0.012661066573950988, 0.9997441854937604, 0.01874195733182157], [-0.0736291635702184, -0.017760441276398548, 0.9971275309596149]], "fy": 838.60009765625, "fx": 838.6000976562502}, {"id": 65, "img_name": "09870003_7184351941", "width": 1044, "height": 775, "position": [-0.32687254076831274, -1.033827491146689, -4.343524018209226], "rotation": [[0.9925824586282839, -0.011926843408261192, 0.12098683081123209], [-0.004978488316541477, 0.990353759480786, 0.13847254506347234], [-0.12147130310288491, -0.1380477507552663, 0.9829483918466416]], "fy": 849.339111328125, "fx": 849.3391113281248}, {"id": 66, "img_name": "10039241_8387996514", "width": 1059, "height": 795, "position": [-0.2806723150293761, 0.475415583135587, 2.2353439574237792], "rotation": [[0.9813630432569782, -0.021464841517432966, 0.19096030453482718], [0.029319223093527528, 0.9988321992445535, -0.038400793084008185], [-0.18991303400923915, 0.043283926935068336, 0.9808463392308122]], "fy": 1118.77978515625, "fx": 1118.7797851562502}, {"id": 67, "img_name": "10188729_361497606", "width": 368, "height": 491, "position": [3.2924107292657006, 0.03286725129533071, -0.4794999074625194], "rotation": [[0.9500974107879226, -0.06543950585089259, -0.30501242776004495], [0.06707483514686483, 0.9977347771707662, -0.005126491394876904], [0.3046569817091126, -0.015587992109050926, 0.952334572510051]], "fy": 1243.6412353515623, "fx": 1243.6412353515625}, {"id": 68, "img_name": "10367240_8631473700", "width": 777, "height": 1048, "position": [0.46429391683686255, -0.20882406503262538, -0.9470276109804051], "rotation": [[0.9761220340349906, -0.05181471547181485, 0.2109526248520444], [-0.02824836335825883, 0.9326091005486541, 0.359780899355997], [-0.21537828265396744, -0.357149129684513, 0.9088766112771428]], "fy": 733.5079345703125, "fx": 733.5079345703125}, {"id": 69, "img_name": "10502455_6696542067", "width": 1017, "height": 678, "position": [0.41975813552748764, 0.5699151285397603, 2.4250129958558473], "rotation": [[0.9967354747410795, 0.020791934640192026, 0.07801338889314396], [0.0008804639844523565, 0.9634140740175561, -0.26801594498847875], [-0.08073176683218954, 0.2672096881454959, 0.9602506778885083]], "fy": 2320.97265625, "fx": 2320.97265625}, {"id": 70, "img_name": "10605892_4176363979", "width": 1049, "height": 777, "position": [0.6268862487495619, 0.5527509977486017, 2.4888687074853793], "rotation": [[0.9998591886549728, -0.016766996492012545, -0.0006860691338304725], [0.016515643411395088, 0.9904663355873741, -0.13676136731850494], [0.002972605747016882, 0.13673077889325513, 0.9906037844255979]], "fy": 1058.5545654296877, "fx": 1058.5545654296875}, {"id": 71, "img_name": "10670813_227462525", "width": 1052, "height": 779, "position": [-2.0562338399938054, 0.2586499919260806, 0.7629503839067067], "rotation": [[0.932309588226473, 0.031120386469739466, 0.36031979302691475], [-0.029444168783086613, 0.9995149770306843, -0.010141578576518706], [-0.360460639495712, -0.0011542258551307345, 0.9327737105734798]], "fy": 1163.180419921875, "fx": 1163.180419921875}, {"id": 72, "img_name": "10696534_13203812984", "width": 1054, "height": 686, "position": [0.7612327725456448, 0.07848370680521555, 0.22280213993599207], "rotation": [[0.9996242233894659, -0.017743172224087028, -0.020894780506944443], [0.02167215928293934, 0.9782956141282545, 0.20607767683433412], [0.016784800416504958, -0.20645307267475513, 0.9783125263729021]], "fy": 761.7941284179688, "fx": 761.7941284179688}, {"id": 73, "img_name": "10785738_7159630461", "width": 1046, "height": 684, "position": [2.9044918312394348, 0.46399691395315457, 1.4780472017566837], "rotation": [[0.9455717627476676, -0.11241636720727094, -0.30537943918703647], [0.11065951974791179, 0.9935895092683151, -0.02311617963916753], [0.30602044406122675, -0.011935135351924695, 0.951950124933392]], "fy": 822.5557861328124, "fx": 822.5557861328125}, {"id": 74, "img_name": "10896796_2169745391", "width": 688, "height": 1046, "position": [0.2170118309098767, -0.7803818324122873, -3.3556054312019676], "rotation": [[0.9983027662200815, -0.037826063461399564, 0.044280649050657796], [0.03750914205396024, 0.9992645288554123, 0.007966532102912559], [-0.04454942445990947, -0.00629208188003601, 0.9989873665296803]], "fy": 1349.4283447265625, "fx": 1349.4283447265625}, {"id": 75, "img_name": "11025595_6187208518", "width": 1063, "height": 1013, "position": [-1.284129108047161, -1.3974432195927111, -5.645316044838744], "rotation": [[0.9759070912754474, -0.023144163351985693, 0.21695551825439297], [-0.010064999763699279, 0.9885241757635699, 0.1507270702651362], [-0.21795422679556448, -0.14927927395888277, 0.964474807026216]], "fy": 1093.2440185546875, "fx": 1093.2440185546875}, {"id": 76, "img_name": "11191187_3428078800", "width": 1035, "height": 685, "position": [0.04597081719077827, 0.06951721041804784, 0.37824953024233937], "rotation": [[0.9958570067202867, -0.00664127046904038, 0.09069021828547894], [0.004823507719068142, 0.9997833499558694, 0.020248133847427355], [-0.09080504357905929, -0.01972680099702675, 0.9956732884752052]], "fy": 1215.0609130859375, "fx": 1215.0609130859375}, {"id": 77, "img_name": "11222841_4278491959", "width": 1056, "height": 689, "position": [2.0057672638542017, 0.5664001156024306, 2.130201271674632], "rotation": [[0.9628982462161089, -0.06999959587015132, -0.26062813357724385], [0.06809106570160114, 0.9975450213414162, -0.016356563470764543], [0.2611332499042632, -0.001996741086972125, 0.9653006986527408]], "fy": 885.8801879882812, "fx": 885.8801879882812}, {"id": 78, "img_name": "11307768_1842869003", "width": 781, "height": 1059, "position": [0.11962687376366535, -0.29331195971893714, -1.132444562169365], "rotation": [[0.9966108298658037, -0.006991218037554998, 0.08196326411597979], [-0.0001535414653366849, 0.9962221137904922, 0.08684167444160569], [-0.08226074531155743, -0.08655993799186074, 0.9928446741135455]], "fy": 1116.4306640625, "fx": 1116.4306640625}, {"id": 79, "img_name": "11368086_2414129400", "width": 768, "height": 1027, "position": [0.01830444931418338, 0.31650981795811656, 1.1504194131756622], "rotation": [[0.9929491346641967, 0.01938280015051117, 0.11694581235746947], [-0.018044682692058365, 0.9997591628006993, -0.01249022908468138], [-0.11715974306973384, 0.01029191208523642, 0.9930597520539556]], "fy": 1686.903564453125, "fx": 1686.903564453125}, {"id": 80, "img_name": "11678006_9617140377", "width": 1060, "height": 695, "position": [-0.06314785820276773, -0.6377583672754688, -2.7082033966562364], "rotation": [[0.9975933234268993, -0.02562983493191424, 0.06442571393036445], [0.015622123326121857, 0.9883655990285252, 0.15129240536050836], [-0.06755375871746712, -0.14992182702444554, 0.9863873151378189]], "fy": 811.8981933593751, "fx": 811.898193359375}, {"id": 81, "img_name": "12166865_10030996966", "width": 1018, "height": 679, "position": [0.25431331085939524, 0.8986794089920611, 3.958756412831811], "rotation": [[0.9944516880717382, 0.019128588593187577, 0.1034405007224101], [0.011887377669345963, 0.9565946526011985, -0.29117925899167196], [-0.1045204781055688, 0.2907933419341396, 0.9510597783227708]], "fy": 1158.3153076171875, "fx": 1158.3153076171877}, {"id": 82, "img_name": "12456110_2214467942", "width": 1036, "height": 772, "position": [1.2394014004877005, 0.14627346524643545, 0.7132971345976677], "rotation": [[0.9971546568287621, -0.01058575261233127, -0.07463599805954169], [0.01172218673702882, 0.9998216888122422, 0.014804760002719958], [0.07446597009920447, -0.015637532486502875, 0.9971009411663987]], "fy": 1386.96337890625, "fx": 1386.96337890625}, {"id": 83, "img_name": "12511149_9826188564", "width": 1056, "height": 780, "position": [1.89331770007636, 0.46981929775621895, 1.7863568971658925], "rotation": [[0.9900030175008581, -0.08247455343456443, -0.11442016157550638], [0.060363281128748524, 0.9809259506340948, -0.18477162570040132], [0.1274766630821794, 0.17601769061195727, 0.9760980857275902]], "fy": 1049.0882568359375, "fx": 1049.0882568359375}, {"id": 84, "img_name": "12702351_7582944350", "width": 1051, "height": 690, "position": [0.3343469105125066, 0.43486499007960433, 2.067355559095682], "rotation": [[0.9965391420933972, -0.01732641875353676, 0.08129903744161322], [0.02185638768604882, 0.9982380118931766, -0.05516493386994271], [-0.08019997875980313, 0.056750919153218206, 0.9951619449025328]], "fy": 1001.91748046875, "fx": 1001.9174804687501}, {"id": 85, "img_name": "13302063_9725766996", "width": 1051, "height": 778, "position": [1.6804628607208687, 0.9021736617024161, 3.7405777202069115], "rotation": [[0.9357605291928399, -0.10579025035715876, -0.3363936012086223], [0.01451051460536779, 0.9646833010212695, -0.2630124972251206], [0.3523374475848733, 0.24123546932421921, 0.9042476272400719]], "fy": 1046.80908203125, "fx": 1046.80908203125}, {"id": 86, "img_name": "13587529_2568700427", "width": 1055, "height": 780, "position": [0.5818825358622042, 0.9841091677419838, 4.565967837805644], "rotation": [[0.9987681377116734, 0.02782653816923266, 0.04108394900045555], [-0.009045112949882713, 0.9161861656180502, -0.40065084033584464], [-0.04878927160431541, 0.3997856847157122, 0.9153092446122837]], "fy": 1117.4775390625002, "fx": 1117.4775390625}, {"id": 87, "img_name": "14004928_4684311801", "width": 1059, "height": 781, "position": [-2.1204733941378753, 0.4770662817576878, 2.1785905529810363], "rotation": [[0.8645481960592062, 0.09858813347881124, 0.49278473660203437], [-0.08783433241542726, 0.9951186476331582, -0.044988967335231576], [-0.49481465897839827, -0.004388287811710835, 0.8689874545643183]], "fy": 1105.946044921875, "fx": 1105.946044921875}, {"id": 88, "img_name": "14932525_2597278914", "width": 762, "height": 1016, "position": [1.2606276140585408, 0.22353926603183707, 0.6717674283971324], "rotation": [[0.9965372295295446, -0.04828911924323179, -0.06768833817056275], [0.04447519117440259, 0.9973965504797078, -0.0567633549147704], [0.07025316741314847, 0.05355634466515417, 0.9960904629673588]], "fy": 1664.58642578125, "fx": 1664.58642578125}, {"id": 89, "img_name": "15080601_1551250100", "width": 820, "height": 607, "position": [-0.6605021501406025, 0.5139356265191548, 2.3560072963489214], "rotation": [[0.9628516811262395, 0.008026207224950298, 0.26991150429345645], [-0.00449745365595669, 0.9998961778534456, -0.013689646623750227], [-0.26999335744233954, 0.01196718478393268, 0.9627878132929188]], "fy": 833.5095825195311, "fx": 833.5095825195312}, {"id": 90, "img_name": "15234350_309538824", "width": 1018, "height": 678, "position": [2.4510702462200804, 0.34912845095278283, 0.9490513166403823], "rotation": [[0.9723842509754197, -0.07975089621831453, -0.21933687106218022], [0.03419160730949664, 0.9783435001923374, -0.20414438425045905], [0.23086749975811885, 0.19100730400636917, 0.9540526229572736]], "fy": 1536.4310302734375, "fx": 1536.4310302734375}, {"id": 91, "img_name": "16090290_306696955", "width": 1063, "height": 693, "position": [0.2021237114380734, -0.030057366873971005, 0.013041270517376477], "rotation": [[0.9953990592095328, -0.00880048090767401, 0.09541102903003791], [0.0017170879354048768, 0.9972515581112503, 0.07407011174357271], [-0.09580064996543164, -0.07356549041824517, 0.9926783739387718]], "fy": 855.146240234375, "fx": 855.1462402343749}, {"id": 92, "img_name": "16117526_8247405609", "width": 1069, "height": 693, "position": [0.037341113109542724, -0.061295493348373566, -0.22004015274924174], "rotation": [[0.9756871223474541, -0.05925059283833221, 0.21100712436704672], [0.010473051944270458, 0.9742685744851484, 0.22514675203886383], [-0.21891768879722068, -0.21746289802856764, 0.9512018363694952]], "fy": 701.8859252929688, "fx": 701.8859252929686}, {"id": 93, "img_name": "16127153_9315984049", "width": 747, "height": 997, "position": [1.456674390519803, 0.47621974886129964, 1.8952422135290132], "rotation": [[0.9908620968000591, -0.04900323109568686, -0.1256621998342104], [0.019194023140314518, 0.9734144124715463, -0.22824541850465183], [0.13350615941101512, 0.22374777079304567, 0.9654600149485546]], "fy": 933.6969604492186, "fx": 933.6969604492188}, {"id": 94, "img_name": "16342642_9872875713", "width": 1004, "height": 669, "position": [0.5708681619436712, 0.05834082033708654, 0.4235489507363519], "rotation": [[0.9848754099499454, 0.0054123723993228555, 0.17317948233245917], [-0.0023386995969686335, 0.999836193444013, -0.017947611640040006], [-0.173248253555765, 0.01727114658607265, 0.9847267388141138]], "fy": 1553.4852294921875, "fx": 1553.4852294921875}, {"id": 95, "img_name": "16697557_205617010", "width": 1048, "height": 689, "position": [-0.3669824870333832, -0.184459447780555, -0.6937924521413664], "rotation": [[0.9915931167662915, -0.007731185910798091, 0.12916392509568772], [0.005546433794293049, 0.9998355523643762, 0.017265726176108703], [-0.12927616893255028, -0.01640417607304671, 0.991472932133544]], "fy": 1332.00634765625, "fx": 1332.0063476562498}, {"id": 96, "img_name": "17026968_1935235050", "width": 1050, "height": 778, "position": [0.7001989401972785, 0.009727007497595013, -0.016798426015580716], "rotation": [[0.9994909510429882, -0.007487417020530333, 0.031012535683867706], [0.0049588597575609015, 0.9967162170808597, 0.08082197917599918], [-0.03151584511142511, -0.08062705001661337, 0.9962459687810694]], "fy": 1145.00390625, "fx": 1145.00390625}, {"id": 97, "img_name": "17262282_1141017004", "width": 1055, "height": 780, "position": [-0.34057938189946846, 0.5849857863399197, 2.5934211704682157], "rotation": [[0.9785087687801205, 0.054975085764972065, 0.19874186616198